size
1956
4204
4437
115
88248
49909
42635
7658
27795
19646
1125
4967
2272
604
560
683
848
5103
1337
338
1681
3681
999
551
1191999
17534
30344
925
79114
46227
1141
32989
22850
2014
1163
2422
7936
1735
3270
20520
21792
11014
1951
430
144622
1002
433
135393
2654
1073
7907
404
1133
311
2816
377
936
13276
1020
401
6059
18230
1254
79184
4322
101110
605
1610
55083
1307
4147
608
24976
1189
1194
464
7857
17552
4020
1230133
542
287672
229731
850
500
244236
314
422
5083
188
21779
1049
60122
263
2286
674
902
4131
28695
1568
444
4601
1156
930
573
1754
1565
1187
810
776
27287
197
14468
12941
383
16887
28260
964
79958
1073
161
392
458
1093
876
8023
2078
465
11374
66
34616
999
58
327
594
3782
1284
18379
24368
9076
767
377
637
805
556075
473
313
9559
383
1141
1073
407
620
27081
194
30947
9890
440
163242
10016
374
1311
8960
470
5114
1985
13918
1567
455
44669
1638
641
953
25097
487
22081
14805
281
2037
65324
63560
272
518
499
1393
658
1608
94529
2200
1103
485
377
10328
524
8139
482
106988
25457
34461
1350
272
779
5548
24165
477110
31255
313
1112
448858
713
1126
554
159125
2771
590898
171359
1959
202096
36989
3890
1138
800
113232
46398
83095
635
812
5771
139
392
872
241
557
455
323
1782
374
374
7354
476
1001
4610
3933
452
24340
139003
443
371
1075
927
414
377
7088
913
207713
583
433
1013
1219
1670
978
10640
1576
312
931
1132
1922
1939
215
452
292
305
42118
459
61898
1001
28081
2768
482
482
48313
6226
494
65947
320
3401
76979
66915
14677
338
273
33536
338
2830
410
700
852
1550
608
482
24137
3332
889
93266
122143
719
914
353362
1330
658
1145
1688
3533
486
221
1220
30458
494
2506
34845
2115
1531
2679
1407
587
999
873
881
507
239
203
2692
1306
52428
8285
99923
3692
584
2592
999
2659
452
1289
521
923
1113
777
722
479
5146
1112
458
887
174961
8774
368
1330
26827
1084
470
927239
17249
5033
518
1104
3336
4129
1556
4812
33097
59115
9529
8797
11077
1282
338
18833
28193
408
562
850
2798
3253
11853
169557
290
578
1804
1768
244164
8843
555
1512
2113
149855
9205
1548
5926
374
2116
952
362831
7050
467
239
548
168
383
55655
800
1026
15408
10556
8603
473
7047
8632
199292
841
850
16578
467
554
222963
332
260
3251
30189
368
398
700
38416
344
1282
279123
870
1714
950
2162
1624
595
49039
1236
837
377
4118
1114
809
638
377
434
994
170
3477
13813
1784
458
135021
61902
20158
3379
36770
1124
71944
3556
17658
1358
1154
48546
518
2425
302
6899
301
54503
5410
698
212
2252555
3811
705
740
1069
595
302
404
4949
730
1874
1495
227
191
398
551
2664
34016
892
564
816
511
1517
722
3356
38880
887
1105
1127
1073
401
485
44185
19929
45376
332
20708
363
926
46053
4906
329
15741
2110
2721
485
206
2561
452
563
377
1141
659
4152
419
1382
404
28707
407
362
1883
1581
2774
1209
359
407
18871
260
943
341
7694
305
359
1394
374
23847
10278
2632
441
12996
3286
789
29337
25911
28493
413
771
7998
12588
995
602
392
317
459
852
795
383
7760
9037
431
863
7366
365
47856
39415
34938
38520
155712
47143
5158
4500
22708
5113
21984
198559
13103
26486
11684
56674
93164
35527
93016
119873
501135
105930
179855
92650
19898
57205
137256
68822
68564
19976
73468
70041
60550
30072
95603
284347
96881
8370
141306
15308
32706
123302
19914
71329
58581
45902
231968
93381
54213
80863
122809
21537
48610
53933
33808
24934
12945
12699
12234
56261
57090
15694
25445
19283
4988
26817
3196
60247
27816
15021
7841
4050
5391
14836
25153
6430
33462
40961
47845
81686
82710
12853
26058
47247
13203
81242
78560
10994
215886
6077
103212
166020
124053
118797
29327
114528
198989
4069
10369
14356
25588
2112
6316
153835
6779
751
302
5831
915
29721
578
365
4660
470
573
278
40200
703
121157
485
525
4575
512
1187
21830
1265
2252
442
377
210
848
81608
28715
356
10204
1144
1458
301
398
1296
2410
1684
2867
401
3501
309
842
4023
1101
1137
15434
3457
5982
131
374
446
552
407
352
920
2091
3940
8569
1280
503
774
1562
1479
5248
435
6023
353
296
90260
410
708
3594
4651
4023
2084
557
787
4675
1002
1755
1370
458914
608
347
817
609
653
347
1734
914
323
317
1282
284
1017
800
905
861
2582
252
10990
2035
11712
2402
1281
620
561
422
443
1121
13273
248
152
2907
463
254
371
1452
904
360
194
629
377
2426
517
354
16155
27609
503
8849
28237
262287
91107
81302
65164
24141
23373
38240
24282
9272
41392
5606
62045
14149
115605
14700
29042
57033
25338
27725
10392
41912
135525
14248
14699
20815
13694
31295
50729
102405
6291
44889
12371
11551
51271
44895
4251
56564
42615
8702
8122
54103
40910
12473
7701
5831
5164
6788
9074
94664
11658
58749
25035
31888
81529
303626
15641
9785
48650
9109
3944
21398
22481
6153
22372
20565
56095
30671
42162
40332
66287
49515
63628
44086
58677
40823
26896
24410
35547
49942
55339
207578
3027
13006
9768
2747
5536
4495
24633
1040
5093
16116
16460
3837
1386
1377
94695
67997
15930
69059
26954
18669
8595
44081
44031
93208
13486
20817
14448
2064
119680
43398
69717
84445
31646
16862
5324
3324
13225
169491
48341
56987
4127
16659
132052
17328
333678
10480
47783
72832
91700
2996
41169
248972
143637
896205
3527
109841
12432
50019
75594
48405
18741
78262
9342
29875
294756
46659
75512
23384
130058
322453
151164
183081
202772
130043
204391
9882
46568
211788
39601
19290
171439
953898
29928
308193
11202
7048
56622
27584
39879
128269
544764
38656
20620
99811
25744
18021
117870
65483
446341
78858
15821
147362
20916
35436
248587
122620
6055
48808
58528
41089
107738
142569
42824
38168
101617
31211
727687
114788
155526
140405
19949
49324
11409
31167
103959
37133
125207
28693
17839
141219
62515
39779
737583
102284
580246
11589
40125
22273
21394
26547
7001
13652
19708
34732
383266
2188
3152
25931
56548
36929
17533
16388
3644
27963
7138
71337
12642
5274
57894
16008
4147
4186
1703
35662
2764
4899
24489
30360
63086
9985
64756
9381
112943
60360
96582
128843
160768
7266
452872
80926
28783
44842
32846
15538
18068
53947
11943
431353
17013
51180
907668
35976
77248
1279411
18405
3188
53008
36163
26613
79665
55775
14125
331331
51435
75854
74661
42563
9321
11528
30851
106022
42425
98507
20769
23247
36693
1592
11792
118260
52517
75263
10287
41643
54455
15299
51662
149842
65918
128579
88653
37479
95039
7815
8840
5430
9840
28179
5891
24499
39030
26309
16387
222654
40691
23824
9575
11834
9229
14937
112470
8432
10243
18569
25307
59002
184161
68059
115511
216640
32013
57237
29948
89763
305244
15181
4042
466806
14614
10274
10041
435563
130424
16171
29603
135868
8850
15297
14348
38602
38774
20942
14126
1351
13683
12702
26851
62951
16989
26568
21045
16910
32124
14498
8566
16915
20201
6779
50270
279617
19735
10481
13403
15455
201785
26573
110834
79257
35159
5153
46457
51543
81302
9757
40757
18612
94644
27794
20677
32259
19445
34873
3907
13070
3615
10214
5266
7252
14338
77119
4557
7414
14223
49429
19906
62896
717409
30519
9452
20284
4614
32400
5917
22936
5381
2233
74065
35036
100398
12271
11878
7536
8462
9346
47228
24042
23064
4188
3466
118332
130653
47803
55037
57570
19444
30103
10412
36541
3763
12102
10237
189285
14239
15440
8517
3913
36148
2446
8865
6543
4283
24017
7443
26874
113899
15918
21238
12661
44567
243920
11654
12556
18660
10535
80088
53168
8416
5304
14650
11716
31775
33046
26576
37083
18904
252581
50440
33194
30758
6945
6208
6306
4530
2028
177255
483243
483514
74225
24878
62747
35242
71718
127161
105713
124104
8162
7237
82755
53273
41431
10805
19068
158663
103846
31128
20606
48147
12221
11272
140685
9494
31067
6599
19189
67931
52389
135913
57993
148837
2755
75764
5878
16556
12460
19992
3520
13245
4113
43028
300761
25986
20928
4689
32179
13714
6062
12724
99823
140217
4357
3205
18333
10437
153470
1164850
20759
10324
41413
8275
63310
148630
121005
359637
311800
409364
100214
179653
27799
9702
32559
847
37987
22274
16445
18457
1924
187461
140322
23749
16168
66936
47041
52551
36405
61822
56787
39362
59324
27540
14930
10445
239510
19580
315351
79121
88062
153360
32382
51245
17436
17673
17902
131381
59083
29838
73266
105466
36099
11428
200895
32611
35352
17918
17798
68857
40497
12049
63796
8249
42123
4017
22250
3289
84931
202775
182480
5025
23747
50767
9549
58474
21974
30806
75821
1078
9139
2423
21020
3521
21045
25168
26303
52162
3665
10273
62625
28319
1891
1885
2387
2587
48129
26503
13538
19158
8041
4612
4239
5048
2105
4236
21045
4016
45352
8998
6778
7435
5137
1465
104891
216783
42061
45437
49379
2229
22607
12178
10208
5055
5519
16953
4461
14123
5853
40161
70057
169154
11681
65532
198394
26019
3593
24628
9348
52642
16448
21823
25920
16715
2920
15319
12133
46335
94786
83318
159254
79341
6135
7418
12454
25376
24034
22741
261676
16694
113238
610632
89271
233719
36416
81581
123771
155242
101856
383192
78138
396523
32730
164670
60829
32602
112929
256939
13570
116862
35261
92549
228005
168713
15371
535199
51439
8624
3490
18706
21822
91020
127286
121642
122567
13360
22051
57330
107993
18190
55379
7779
111188
296786
281807
173797
51559
127009
3600
143240
23747
24007
111674
156643
77383
359870
116234
25305
44900
5846
71068
124371
13007
179702
102866
59114
12309
8490
16578
66242
578
10972
30978
2670
11990
9643
46270
7175
22499
6786
25915
9505
2174
27963
27636
9006
44009
9113
43883
19341
10493
110692
85013
6766
16531
94574
125992
4892
10283
2936
39577
181656
101054
23752
58844
203213
22829
14916
30701
13871
10609
26274
7662
8859
159655
13454
65983
8032
7186
4132
12518
6172
5421
160325
95542
7679
57145
4551
17650
28170
10334
9962
3269
11819
57924
11909
31764
42004
73500
304936
163095
40579
16070
8612
45391
87291
20903
19491
18236
7166
10909
64252
36098
177018
37638
42704
4614
44537
36088
89989
41977
279981
2867
2407
4726
437
566
12265
15235
14521
3607
13179
136905
21849
28624
1069830
4046
21368
28828
20097
4849
2666
18186
53168
2406
19394
3206
9627
48906
23402
37677
20999
49535
17915
15733
317737
990131
68105
81523
168442
55600
52501
42615
154185
20178
47156
17348
24900
117346
42220
76904
13310
2263
4097
177143
7973
87554
85778
43037
289807
9150
10227
35253
31363
35491
18856
19683
66492
28307
67738
9555
90919
206841
10582
7537
20043
97965
41377
42386
101344
16856
2086
449
32176
15093
173655
340890
100423
109888
104890
24658
16054
19388
133772
139367
28115
24943
29122
35919
20881
6232
31289
50597
15077
49418
30620
107424
244333
99100
121370
57248
13136
8913
8420
51813
184458
5321
3718
8391
3744
1145
6657
7873
6847
5771
7527
6375
7169
27475
54041
184336
81951
5296
44095
49090
6551
53720
18676
24227
37815
39481
15727
22226
5062
2795
31025
159705
104152
71858
239562
530468
139128
23366
20051
201033
113590
107459
192090
27152
23585
15299
97412
14037
134093
542570
146349
404827
123474
97342
11398
33454
144220
222437
8334
7033
7123
95372
14164
3085
16077
19374
5695
20733
1090224
132704
18046
47156
1968
5918
7931
11525
85761
26986
31177
63
67
70
67
74
68
67
59
71
68
67
68
70
68
67
1570
67
68
67
65
65
66
957
8067
24568
26915
29148
6037
30858
42548
571695
9013
6547
45697
2136
25848
82979
20429
91070
28609
9361
15567
5807
3950
4202
60468
7260
100317
10900
46846
8472
6002
25857
52021
56857
8638
9317
5951
73290
9980
6039
464929
23760
82088
32967
339560
11322
12581
10688
23987
19985
4829
12719
61145
21932
67044
89455
26327
12750
8784
4805
2883
269930
74857
8826
71110
7322
4888
3475
67881
22336
11482
6560
122756
58441
37394
207434
13795
2794
26830
48803
17961
3148
35374
33695
21054
39636
423986
242004
14386
12978
40014
34703
113538
83023
7928
81763
17382
12591
4574
93564
28915
182548
21306
9665
93719
93693
8084
49956
6041
37422
8719
52858
38215
5119
4817
14238
23299
5065
13346
63999
25817
28634
77938
65240
36836
33286
41881
46549
125348
4006
35137
20660
2877
29931
50573
15354
36190
34840
30427
53744
82277
16563
6737
40990
3661
10382
3629
32966
34250
57173
977
12188
4246
3110
2214
6298
4197
19869
16942
237216
148363
45116
89246
8439
75260
29462
21522
19019
57610
44283
38603
38872
19890
14957
7972
193512
4782
35772
10669
2249
37992
74455
56734
67465
10624
7039
2812
1516
25233
11942
25195
31680
15484
166740
20607
56476
44173
6582
5064
94405
24664
4764
122761
151796
200326
26069
18886
245031
43986
329810
111243
36964
65546
62742
1298
25646
392016
12316
35145
17192
23209
18890
9993
75309
6333
53999
11087
23135
1278
9447
126332
23865
23431
67816
4539
14974
6316
28563
37659
26592
5742
7958
8581
6780
24171
33261
18993
18814
44912
24923
29962
100011
125814
26497
12350
59304
40748
4505
47843
7237
54305
79093
28472
48152
27031
44006
4759
23724
144220
100800
122953
10881
18035
21805
9324
33940
20115
16331
36705
25800
52459
90455
9549
28111
7217
87277
8797
22178
17182
3572
3756
90747
37392
58587
53792
6492
6030
6651
14556
27548
2491
49382
67939
355249
39067
78538
7648
18959
2622
3703
16010
3735
22282
10023
11779
6853
13824
14968
10592
11420
18489
166407
31396
52409
67105
15843
11215
8068
35164
11782
13686
60967
13499
11863
33727
2898
5561
4695
3602
7173
1539
9083
3072
21333
4375
17237
22245
1920
6534
112396
11694
10792
15934
12186
25031
62324
10261
97210
3367
3283
5009
86013
26992
9312
35488
11019
91298
29134
69290
54580
17575
48346
52402
61449
136851
109271
121999
105657
14818
70030
5193
4500
10413
11708
246434
302484
165169
615510
439909
312530
28389
67744
58263
108676
70369
423967
130719
813906
112611
20512
344646
13400
258517
62365
40418
30651
23755
5432
57566
12687
27728
335508
970241
31266
22221
452517
528776
38171
26789
27014
4891
3660
14715
75119
95790
180990
2719
5894
5001
2711
6030
1686
10606
2977
3293
11883
483716
5063
26768
34943
27596
10879
10885
398577
23646
60210
88756
262174
58965
217218
23107
52227
381295
14348
10856
1814
59896
79476
23434
846440
18108
38093
28100
118605
31630
26657
148942
17103
22833
12016
21512
12060
95005
26708
50729
50008
56671
24715
36174
63092
36965
76882
54255
44778
36057
100538
501720
15192
9392
28816
137025
35481
12706
11107
8422
43506
73060
50435
279937
12708
17218
27311
10769
37764
19965
80454
338861
19912
14154
9552
31603
6680
17710
21738
36216
39557
48467
37608
17580
9690
56307
69560
38750
109547
4412
149405
32079
7646
8786
19382
25303
19259
38343
131735
30829
38787
7532
16077
12941
1612
10813
8840
106212
68881
43579
81766
164136
16778
14361
15254
3856
5265
2310
7556
37284
8260
28488
24674
20754
8834
13273
43687
10111
17317
2506
25197
14998
14026
84596
42610
14833
15296
3400
6964
34190
20037
4675
5050
9365
50707
62446
5819
40924
21104
44640
14411
29793
6419
77141
35336
161433
61767
148842
275099
94885
70052
103673
24845
6502
9975
16746
57418
8653
203441
6155
1801
29491
10735
139079
46039
26761
82694
8437
396692
3900
105927
68612
13657
8407
6282
32340
56761
2641
7687
70723
5355
11948
3886
32390
14088
15337
5106
100292
93044
12545
98709
35154
70643
38089
40495
10179
12262
18578
60902
18915
3241
103130
6383
94963
165512
20192
36847
28741
13556
31892
42223
26596
18857
650
141611
4504
32358
4572
3872
33265
51452
37533
57799
230029
6376
3374
148855
16052
119817
17516
14302
171988
26653
68436
1928
7756
5523
3353
2900
12632
2318
6584
8350
43148
2828
4598
1550
1691
1944
1802
2725
1128
6799
4058
9156
4914
7104
24666
1550
16179
4548
1857
4882
45880
15629
3076
3535
7019
32066
11416
15817
42083
7488
8979
13567
64820
29761
9600
95202
11972
9152
12710
25721
5407
8508
20986
22793
57747
22622
12570
1434
26662
40446
138202
36456
30563
32475
2437
18754
1082
6935
10928
1061
18156
2385
21111
15759
1096006
112635
14219
25059
13408
12300
10763
48738
17348
11709
37151
114714
1921
32785
11661
3828
20587
43945
6689
3507
13126
91452
33568
43046
6306
2848
92483
6150
78956
2564
4889
17801
30629
28493
95215
4042
12873
4449
7874
9263
16098
16812
33720
22830
19178
19789
159437
5458
39923
13060
11170
5943
15085
87562
85587
63248
23610
20976
1379
47518
28436
19685
38819
38757
74075
1882
8096
2911
3152
7358
9225
4354
3269
37406
10176
45922
19774
34523
36990
4236
15975
32894
6519
74331
16128
44034
155387
88550
23522
4297
54273
18223
10144
20351
48796
5598
18871
56172
52269
39387
219725
82665
19928
7868
9024
23991
25200
9103
68504
38683
13373
20117
92430
45710
3871
9477
13446
10645
45660
22212
36703
16622
69404
222215
155814
1225529
1038029
23467
10183
52126
475133
82642
213463
330595
124801
381774
9703
51710
50357
478272
38957
146091
147362
401495
139004
19959
35715
60204
7754
8431
204978
22275
4267
15160
7722
26047
79677
90558
592018
91062
11334
81020
31777
140219
7592
6702
8732
1671
59298
5425
2282
164649
168498
9197
183174
24825
5942
688837
46133
34889
82291
41365
10368
4801
2641
18200
3799
9477
8370
5154
11281
15075
14822
52850
4403
34634
14059
32023
62330
38541
4946
13196
17370
6344
222276
185563
16397
6255
7006
9896
14244
8820
21705
12717
6267
18137
4536
2421
1264
2110
17728
103245
7503
44283
9754
8164
74813
517480
14090
277919
24497
29953
137559
24411
27713
153495
69775
6865
11533
11924
67332
58671
45542
15487
51685
59567
25574
14857
16742
25704
29777
175246
6457
24529
14271
5140
32466
466995
61983
48958
377652
24365
64290
57104
63260
61868
27701
9151
126221
22686
44911
89193
37998
59106
138323
39450
30495
21666
15516
19659
56496
51477
21462
52488
29910
30194
28994
109155
47484
166775
41885
27981
27965
42131
3352
13849
42904
103153
42821
104690
35044
37957
245889
104519
26888
115412
7492
7052
9888
15449
14588
7392
7534
17814
29537
702
12602
3406
23882
15895
6974
24946
13699
44682
245678
70364
9441
18132
25554
6874
87181
82937
31150
79519
41172
82463
74067
108709
34917
74702
65505
7119
66266
122866
43691
54979
39822
4436
24419
57570
25031
12859
1903
105477
102010
41381
42571
30960
4010
51582
5594
167871
12123
10985
7547
25931
147272
12053
20466
1315
3224
4009
6524
26603
20089
11179
59731
1174
6921
256494
9149
5284
231499
3996
64071
78287
110443
26418
32150
47897
161246
183288
45496
221869
31268
32459
13052
33517
11347
13428
7985
42419
34358
19747
48656
3477
211802
158739
8276
2406
47687
47444
39942
971
40138
17186
5690
15220
165954
259726
22235
24691
35247
14263
4694
5454
52076
4121
8679
103796
27439
15136
134959
462076
7734
15096
4197
16284
13463
20691
28352
6700
122529
15252
8217
37191
18714
8426
4318
36397
26358
29695
215011
18664
13997
2082
78737
7129
7403
12191
20563
38966
273520
64251
253637
8429
10722
11477
1245
35305
148903
8354
11972
1865
8989
15403
3494
35092
9340
18456
13918
26612
25607
4392
12884
47262
58433
14970
7485
13910
27914
18618
29838
114640
29773
3354
4944
158297
4789
2737
1453
15223
25283
26344
8711
101988
2892
8537
10264
5053
30512
4586
221550
181447
24093
7053
25692
27121
19238
20583
22374
30520
27437
72700
63900
148813
30760
25372
14939
22059
15155
91766
13305
11123
96951
8482
19290
1176
25718
4960
659
1009
2142
662
689
2603
5625
638
2105
6013
2184
2821
6220
2684
4175
3137
18628
11484
3139
195548
17744
23901
8281
22955
12080
11241
7693
9909
8519
16664
5686
17714
12114
58700
10099
23498
5153
9752
4614
8620
9024
11165
15044
31883
40581
12251
15448
1921
59740
102447
42248
54359
106907
63805
15978
61593
9236
18332
16026
16597
93765
108039
11361
15331
10112
228103
20283
81834
3643
139858
7382
2823
31615
15985
39571
9643
15622
34906
63275
616065
33275
18030
17656
56074
33382
25698
31694
21619
25576
195886
107420
222045
2782
58608
18317
19121
204678
53719
27529
11387
298184
7118
25332
39906
2663
18112
65101
56589
7162
98836
277337
82388
8866
22858
16990
14985
2147
37940
18054
45149
4018
64578
248133
11876
5670
108337
17538
10715
92148
24736
8760
7140
31156
57091
119518
15350
39232
91380
49617
9713
93134
16243
101590
50194
86922
19164
13008
24766
6560
6711
53228
6511
14403
26525
25944
30088
77389
2023
17427
280396
185749
28622
283347
521938
1229718
395752
13968
186594
285972
1028547
72277
21997
984
10828
25882
4244
232661
161932
13942
13869
32942
49757
34295
286527
37844
59664
10770
20905
7000
193138
29056
118093
140067
215120
105628
54399
46265
108489
346715
17002
35486
50749
237425
287201
257117
397810
145828
117745
153250
28760
35954
110879
136237
126334
350543
146076
149418
45282
18640
35797
77888
116213
100314
167050
32391
128796
26851
83179
17061
22625
60780
47165
187668
12311
103891
55249
133605
4208
3772
3524
26091
6578
15066
10613
14452
8638
19617
3112
40931
34081
14036
49074
135532
6314
25771
23482
30311
18631
7392
7360
25592
9863
25863
13096
8072
19905
19430
31033
8344
17100
16785
15970
26692
22612
12998
228199
4972
5402
72188
30788
110435
7999
55805
39995
115991
6573
16673
11623
9463
6722
10888
11491
3085
3074
746
8892
30939
3280
465
13988
6276
112418
2923
1323
58451
6127
23317
31614
23971
18526
361744
30387
48839
63965
111957
109299
53236
179827
62809
271855
11993
100616
7132
71508
6762
15792
29253
10415
37543
47627
475692
82141
6751
16643
175083
23541
10155
119595
460465
122880
10500
31352
28031
16063
7941
31533
24046
61442
9050
14525
17418
4051
104233
6798
110423
23340
30822
8075
4522
238247
116253
110030
5183
154321
48526
13571
188302
21073
18844
144249
302
67269
40916
116108
8434
5597
396595
125935
57403
11107
12465
9616
6910
66959
1864
12307
43278
41902
172430
7874
4983
2852
8696
24258
21750
40279
57178
22942
36708
11275
4703
37282
18803
46244
17263
4420
42616
52522
275590
154557
36506
55131
10119
100804
5677
64268
29970
3744
5716
6343
3209
14484
13609
9924
5017
195209
36741
112538
27720
2013
5103
118943
15217
27639
44723
33076
29041
14465
27804
37699
34489
43756
2254
13956
17732
2396
16375
94535
31194
18543
1599111
569858
1317889
34622
23476
132962
18312
86956
46705
39820
8400
35048
68204
14105
116216
7464
13470
15843
187317
11595
19059
18585
3902
1708
8707
2064
11752
75842
4998
27125
137540
14544
20654
41804
9633
62175
5335
124445
51947
5245
9385
26340
10282
19280
5651
132425
1149544
1576418
55091
27116
49011
161098
51203
848647
15664
29155
140860
30088
4755
9212
6397
7834
20871
31995
12021
22374
5797
6350
18883
4648
10981
6239
4346
28046
3392
10770
35454
163650
33138
5801
5271
10406
208171
93905
8276
75997
40882
77821
37784
39204
50660
13633
43437
1596
14771
318555
184847
13123
10901
62183
23359
211186
23235
74919
46525
9493
17419
47186
25551
1850
2217
2847
12843
5031
6906
4869
11762
2013
19365
2667
5527
4314
2651
3907
14480
23201
5345
24594
31443
6733
11341
3503
2554
35436
16950
6367
8233
17613
64716
20793
8124
6871
27234
2364
2676
383596
88370
119795
9766
59639
3040
10357
29669
6414
6111
27593
6048
6945
8573
49333
3156
14436
3906
16820
7486
29691
4944
13276
7935
28968
36224
80426
30128
24634
62271
364502
13137
4071
10141
4605
23965
13766
34798
50339
66091
46721
14852
4642
17475
4717
76320
49853
35835
40215
31445
14128
17310
11194
102810
97623
20218
16298
14143
14896
27481
24994
31003
18545
9714
166907
4267
105460
63810
17235
6239
61857
119615
6840
93655
24469
27225
5009
148645
8499
17806
160426
116773
370019
52776
170990
380714
27262
10072
11730
20079
61396
56594
42422
2892
5425
20398
52472
27478
160778
118958
8375
20130
49525
55180
28208
37083
5751
5520
16731
24432
16988
61705
14325
9296
29561
15031
5305
11996
28872
66315
37100
10843
21450
3619
35201
7352
28021
26115
88604
101205
22180
59478
22314
53910
184791
19877
21029
129544
52641
19759
8510
32251
40018
45367
38904
37825
108718
16456
13930
38833
43318
16486
8017
27041
16750
19383
3402
50780
26733
80484
21146
76709
7551
131848
3046
25786
22522
90523
66558
29557
3384
39694
24308
4821
2107
3099
4023
42181
7171
20148
121900
21027
30896
154717
29046
13461
20358
7951
20224
17335
17160
27532
19222
1941
19397
66037
8840
12940
3975
54777
5405
32685
28798
43985
13475
8232
8775
30608
5130
23621
37807
15757
10321
24953
32431
102527
33684
3252
27846
115553
13224
15714
21360
20760
6927
1848
3207
2623
1374
4212
6189
840
3404
3632
1459
1877
2521
4618
2510
7507
17222
21965
13630
23589
30753
487313
224765
98147
150606
67548
19039
57915
113389
26816
96113
66133
127976
48361
11815
21327
33428
72298
130497
21289
3763
152785
95200
22728
11875
3484
7717
22865
54482
16167
61897
12918
12165
15775
30348
23532
50465
5098
32513
26375
755429
90630
21517
192754
159225
452625
13961
41949
75450
35639
26562
15974
26997
12105
27682
5496
33477
4433
7316
10081
14704
34455
11574
96569
32650
18076
22810
4744
51522
37961
12948
50731
32629
52988
18811
24246
57288
38103
21943
17249
37729
51018
11168
37303
36746
15124
99513
469600
62715
44448
13373
16691
911
85563
174525
383240
71321
7752
21913
59536
5889
27206
36238
380159
205162
145774
15495
48791
73252
91887
42352
3591
5249
26428
379855
20881
47189
16163
190806
2048003
27683
112051
559369
704898
69678
95011
30552
7206
5032
8113
7736
9945
24665
4590
3114
5383
4991
4268
1096
5955
18233
8013
8819
43064
2231876
74950
15818
10892
10318
98474
6489
13783
6540
7555
7399
40433
27624
18263
170116
144001
54264
28132
101074
9378
7890
13189
39103
43772
14157
131010
62348
316359
154847
115538
124561
172830
317090
220251
301857
253809
367261
70746
33412
76496
87663
36480
11541
19172
25429
15743
3741
29978
18192
14369
43494
8212
1072
28749
8645
103976
12921
5150
156751
40022
46143
44377
109529
13483
64820
30875
33554
28989
21992
27240
27242
5379
35262
19868
29763
4915
39557
2958
4196
33966
92482
163772
36954
18072
4850
31125
12856
8859
2938
8576
2284
25982
2712
15376
2624
315650
84420
43754
50266
81757
478895
66415
46048
74078
38532
14582
24750
2956
31891
24054
11292
3640
25238
3523
516625
257921
182945
417569
351051
388947
178920
52463
182615
193165
265069
4823
3003
14004
5591
11729
136917
443189
32642
2100
8488
9650
103760
101520
38689
3786
7016
18103
15597
6476
5654
13614
15297
279464
13802
3127
35497
227372
8603
19557
23848
81658
917523
4264
55148
35190
8511
1208
28524
88588
118683
67036
57012
20485
865860
93442
106278
102976
15808
84318
8838
11415
33916
27585
2637
34141
34409
42015
17707
4444
63948
60907
3187
16077
14462
45751
111718
26491
32002
36450
580519
317022
15624
78796
16842
29041
57973
31918
35259
13119
48212
6043
394331
26731
48003
162798
6813
37704
356409
199410
91446
15648
85151
31221
39588
5151
9612
32083
9318
33166
18978
10576
3492
7262
42959
4532
14338
37424
17128
9092
29999
1385
10501
81825
24071
15114
2174
856
50340
2194
7259
39925
13948
20909
13369
4242
7876
13499
3924
11789
9799
11978
9409
16345
2167
22233
7970
295718
71486
313222
51163
34272
22858
222926
55301
16082
32795
2374
18770
21641
11253
6864
12024
9236
9247
2267
22149
118930
8022
10657
42210
200093
55604
53668
33989
70122
25883
21575
74423
7396
15658
16455
41441
18381
11518
14749
44410
27850
50654
387732
198894
117629
68247
3927
5124
6378
23398
31324
101727
15266
9957
8044
31119
18725
22848
13498
5349
32320
109327
19641
9314
12807
62098
76527
401499
78655
253542
45496
13703
32016
25880
61807
14750
514635
6465
5597
22573
63478
29072
37067
163935
27099
3282
79714
17044
140193
9718
7681
2844
26869
11684
26067
62010
10065
208646
107085
6919
153127
21173
40201
86033
432737
115796
50962
5166
29046
79110
7749
69725
38443
200353
46633
16034
124991
9184
10632
8972
4255
277118
12806
5965
80692
72393
9715
41187
82649
57919
9359
2389
173732
167315
8196
25469
3785
4285
4060
2459
252005
20152
22343
21301
25946
63044
38164
33250
148324
21923
16282
2084
180563
13494
5473
2725
33652
38699
35992
61401
85369
21044
6600
71112
5643
9986
23808
33459
21746
19651
30296
24483
17889
12850
8992
4165
83412
7632
215
22835
10629
26067
5511
6657
10019
32010
43306
15758
17278
42496
20022
12154
223137
17041
8513
4632
16764
54584
6365
737
113707
17353
23236
1848
192566
39723
148222
33440
143598
121083
91041
5015
39093
64497
46514
15957
35485
39192
47338
68810
6684
536303
37524
4374
56777
18889
38377
43384
15169
4808
16166
5243
4636
40280
3828
27335
66438
107382
67595
49452
35665
61813
12393
15088
55963
25320
45260
38014
15962
5018
2532
10380
138969
4215
79829
8706
2747
8263
43134
18400
59640
5815
173217
31261
115313
129176
329477
20043
34660
3336
69536
16458
7010
4398
5847
114011
24696
12249
27782
2846
21734
15832
38712
12650
1797
4467
23611
11385
1304
8892
8946
32552
37934
564571
69942
64951
122477
71344
11121
6649
124899
4366
9295
113851
126887
13203
30822
27833
36345
22468
42082
5387
6721
24657
37544
6539
106945
80581
125915
68081
174712
244494
209092
157659
98596
18219
91067
99931
17890
24638
97492
8032
14437
33422
28473
332915
142679
363924
941130
151707
26702
437290
179813
18702
24887
15257
75920
37713
5310
32774
193489
8045
16085
61857
8378
3438
1520
4579
6914
100295
75256
98495
19281
25254
13393
97975
11087
37515
32841
7264
40543
23765
19300
1065114
98989
288220
822156
11573
13776
30749
45083
70574
35342
93847
37407
13775
8453
7869
167253
8965
95763
32252
9721
10280
20111
26672
127203
67744
36191
99445
1740
23003
32415
37807
35242
15139
12856
19284
7435
48989
90375
16835
37533
73780
17002
6669
94210
13284
7053
10928
54988
20738
19512
53006
8737
26854
33696
23243
284527
99372
53345
7167
10167
152696
218728
8921
17351
92883
46083
14551
26730
56835
14210
9746
32996
15158
809674
67590
18022
19234
122065
16723
91541
2872
14726
12603
15225
57505
237306
49670
5282
74231
41877
86553
4643
10055
146031
40279
119801
16547
29176
27846
33575
24844
3943
48367
24365
186951
30751
5649
32959
14022
777962
46389
156646
455439
4913
19536
10665
23627
10658
5174
2742
11242
1332
25679
6523
38336
279573
132644
15203
21466
45293
145940
183393
127941
243701
35906
62963
43847
19303
22330
23605
7847
176998
25461
13288
17466
12948
5044
11709
69062
10893
30902
44537
51247
18853
14080
6676
6078
3782
54457
4057
6762
4693
3687
5659
14969
40006
18875
15200
363915
42265
22671
1485
9491
18157
25820
21318
23191
206381
10844
140439
6358
3007
15594
70473
3191
34954
14300
43935
68234
32255
50601
90731
45932
153894
53806
9190
19028
26405
80189
5920
97457
66302
121964
57431
37807
12751
36085
19097
26606
30916
78177
4715
14550
1645
143868
27034
55126
79757
2791
125680
10046
55305
464271
18154
82087
107808
15180
122016
115899
15431
6186
14699
126353
32801
29368
1721
54822
38246
57672
10158
9139
14804
11845
49311
5612
18761
21613
9015
46902
65779
42121
159115
22077
32031
2041
13380
48942
6274
5903
31420
2760
3806
9827
38181
49260
33545
3148
992
1654
7117
19204
33672
91120
12736
16630
28083
22898
17857
58261
108200
24562
6820
19284
9450
29288
24968
12241
12612
1594
8869
37951
14671
28880
3571
27878
58506
16421
148052
64233
6706
11058
1534
8344
56343
65380
52935
107929
86732
61053
79633
180970
108486
427057
32111
59203
33631
7261
18170
5174
25829
19946
8754
17737
118859
92143
579116
128765
1553
64044
25003
25869
38056
9100
29797
1643
79493
59575
78531
36306
195964
204239
22040
17362
13984
88862
226568
2271
11537
426510
23066
19253
51693
57611
12945
6687
21072
73631
79582
5353
368397
4547
46303
76647
71231
49103
22186
5430
34110
16257
10351
33792
25468
32260
17102
28324
35204
32038
76593
66367
47002
2609
12994
18073
28428
55189
13589
8997
20079
29808
1457
6369
5766
28299
45966
25466
65610
103390
17883
25516
87267
4549
160247
89980
6905
13485
21994
11661
11873
40956
38011
8917
15183
14615
10049
16909
21741
100279
10567
241079
14239
3198
8412
12743
5906
10364
6206
19656
28141
21111
18878
4933
4911
8793
34226
13276
25792
5119
300958
35535
52582
153290
889
41994
68884
18103
9236
12979
3893
45148
40012
3327
3792
2849
1929
18021
7408
11063
42820
16813
48875
147156
97495
114847
85776
75874
4985
565508
523880
634864
5065
30644
3643
54893
7013
2415
3926
1410
20663
8534
51646
5707
43235
2951
2528
53308
21031
105206
15348
14695
12142
7309
387154
30399
5632
27485
25929
118609
36949
244602
22404
23829
17458
42211
10906
37081
48606
18864
432472
2270
4321
4876
123241
3925
118291
8780
157945
236948
57988
14819
1308
6512
6593
2101
81204
15876
64203
20465
9851
2694
13225
8454
84458
70782
14723
9036
50439
1562
10908
56381
28066
9524
19145
117680
13938
23294
133003
27655
10841
27091
78383
95186
13615
75544
11093
41162
22404
64014
19614
8036
344671
317485
27348
276180
51351
32471
11780
19906
18654
18190
27489
28401
20995
10616
37749
22755
68634
15225
8695
115241
91209
30052
82415
4015
176865
235136
98590
3326
9141
35234
8138
680
108995
18328
321984
73278
11207
5664
2866
7350
10401
32685
4195
9724
1495
3075
2420
1484
2808
860
4039
12020
2080
26549
87605
59139
49997
1025
1124
1860
11868
22310
45399
376376
19598
75622
91566
20501
547502
577771
56403
7932
9179
19113
1265
20763
20823
9313
9267
32098
407127
2380
147005
138001
58302
20858
776
105834
266487
188489
288936
73544
20652
102004
119598
960703
72515
30824
81486
6715
305225
233602
32931
72550
13163
6539
9607
75996
33206
207960
148624
70508
7132
168894
16063
427168
670298
13527
342387
6701
27090
48983
17272
14858
16667
6097
6337
16170
13869
3981
80731
3598
20989
3961
2876
226686
4943
6988
25120
53342
20833
4113
7300
3858
10113
27073
9276
146931
123706
66909
193542
29544
3195
4008
67014
8345
31708
4906
2314
11923
1295
29739
33404
33131
2439
76136
4320
17089
107974
195336
3567
9201
14094
29460
340578
28790
43723
1030
33750
55704
131665
239952
75062
112141
468555
214700
402837
239662
89652
619373
26478
13492
37077
37659
52451
40629
62527
2326
2039
1771
3077
126532
4520
15595
9753
8870
62935
3597
11343
123276
51762
33694
79225
146855
33511
28783
584313
216997
39743
80399
458589
311081
111462
23756
46259
29822
124000
49708
15554
2705
2459
3541
3150
46923
19800
51872
93674
3892
14542
4561
85619
7171
11714
142118
77566
25236
100028
10883
30478
230783
19489
32155
64793
2664
8775
21518
46035
8186
31411
11569
90009
76109
86153
7908
7718
8141
25178
8860
11683
265390
128474
16287
13635
19313
26529
2579
35432
31198
6382
10349
46209
6417
38355
9015
8167
35171
41935
30554
38417
20053
13237
9117
61043
104752
12718
10280
10781
75601
97448
18458
56757
78035
12082
8993
2816
5999
5028
4274
4328
3993
6828
26747
22199
43353
8787
16437
108659
81728
10913
13630
29477
45377
4542
10075
781
18870
30195
14158
8084
17044
8699
2380
9380
12709
44907
38680
100459
42817
49757
46277
91886
28276
2927
4854
4120
16727
33315
19036
6159
17298
22907
3606
16872
31833
12957
33742
15435
23410
76917
16904
1975
4249
12326
262141
19126
32564
3909
8935
124414
9695
6905
15522
6506
11404
3359
34675
22251
15823
21446
12569
8601
34934
34117
8151
33874
79466
8869
14074
41367
12591
3624
25441
2638
57477
17820
5785
3887
2912
10163
25339
7825
67433
2999
836
2569
1790
66696
39716
5288
6083
72619
10337
51321
41739
327709
65933
78848
44077
28057
99537
12325
216765
271145
5300
11084
30391
31847
190013
20207
419573
42778
18848
14689
38237
63264
97703
20525
72863
9795
10137
30309
10411
72119
16138
73707
8424
14929
51555
20175
33645
9478
20674
25355
33522
18348
5054
35483
100
12514
134
3971
39283
526575
42047
38138
10407
13304
32795
8246
7530
74226
37806
9152
50232
17062
80557
181403
20647
82416
20578
38100
140288
156537
243207
64933
4736
9104
49793
25267
66495
74839
5046
5704
35661
31763
40289
5439
123760
101124
1766
3856
2985
13130
25445
5990
30042
12059
18008
12297
66448
5960
17990
33919
44824
20240
45639
27884
15212
19910
56784
92315
37953
69160
28019
29782
12742
13061
73173
12949
49283
16618
11704
28819
19326
23327
5458
25683
3875
1689
33624
3623
18236
36308
3217
8553
52117
33822
48926
10179
140692
51428
9139
8787
79153
2491
67403
27322
1427
27813
6333
367808
994122
44835
7391
32236
134971
4447
1148
2549
27870
14774
42322
332191
144761
17706
7601
8629
39170
61235
11828
6053
5020
18008
1373
3446
74914
64584
3341
24801
15393
71454
2085
2136
1394
1559
11384
53852
91563
15719
409859
78213
41874
5785
7134
100431
4211
28596
10460
14192
30370
1062
2923
6981
17506
1133
3080
22131
6843
213165
11190
3469
4586
6053
49728
2771
6869
1076
92205
30653
9281
10488
2242
6625
8306
44146
63010
18718
24025
21849
12093
21306
13344
1367
93822
5024
3195
39191
48005
1912
2852
42989
1119
3288
8465
2797
7619
8673
3741
26335
234743
85343
35504
97939
73679
19147
73735
107752
115679
79591
9048
141129
235342
11769
93115
46953
129781
32000
9411
316570
121989
472860
746883
1474125
35802
1967
704524
216442
288695
61233
26923
413268
442733
17996
36428
196105
6321
3159
658023
49812
29781
11950
20102
106365
74475
190459
15625
394878
13047
244689
91697
569906
14732
881085
924876
6137
13787
6177
40026
17206
71337
5940
122402
13405
94768
2039
12492
17329
4972
63002
355331
16263
9952
144330
23030
53230
34688
6886
43156
30348
16644
12476
25666
17248
11811
56843
92774
4396
5566
84535
3058
5319
84535
10247
18554
16916
4118
7745
7114
11210
395626
32580
83649
13141
18413
31593
50264
9522
121222
28061
27914
16483
5656
8080
74812
106819
38172
7943
66206
23222
59246
17920
20305
11998
24451
17518
9277
5091
109995
9840
16753
18095
10040
7836
1841
2057
10252
63031
50091
70558
80563
15057
34698
97827
41103
19378
8598
22209
276336
28954
29205
33803
101955
55301
32465
19849
41174
12110
173211
173211
8083
5599
743
578
843
43033
796
5121
1453
2777
18845
11610
1069
22667
31474
19106
34245
21911
22333
92608
37267
27750
115455
38121
42426
39913
31291
14263
2668
30729
1990
2562
2068
56885
23921
8236
62137
5428
33710
8137
17085
15952
11986
15607
10610
2939
58175
13123
11406
10963
33824
14417
32610
26531
3476
30577
30577
847
1455
10681
26415
30577
77527
1055
2320
1773
28784
43106
23538
404003
18473
14286
37986
9460
116059
2033
27122
5099
17248
1454
23359
23220
242553
35257
21397
38152
207634
861743
18081
19905
2289
9282
19572
49170
51544
34486
68135
309307
42248
37365
37734
97904
79974
29040
10797
29535
6795
51292
86617
67782
8721
148833
409766
215124
137861
26787
45086
44368
1733
136865
14346
19036
10612
18063
106635
66735
213377
228050
90214
74377
57251
20007
44495
2428
1045
1894
767
1718
2523
2105
25353
20211
18605
3386
5761
10087
16992
8051
82639
51571
68308
6687
2786
18539
271977
6999
5587
89315
22550
19914
80145
131442
79725
7947
28610
20486
44871
15133
27287
9287
19695
937
23440
841
6667
595
2483
11816
134319
28569
50085
178722
67463
10369
109060
3023
392
2177
126940
196704
69743
14342
3880
101645
49021
14998
38239
168413
59603
5411
38921
132519
7403
469063
75997
4650
7058
114672
76979
2482
4917
1573
13816
129319
22178
17603
26514
5926
3395
40481
47595
38756
30083
6835
34093
3768
7661
2138
26517
53994
61533
149160
6459
10598
9633
6303
29733
18307
5081
25976
9291
11017
11999
10674
29688
38074
31823
12407
34188
13667
24132
27442
101692
92358
10518
18926
63286
12311
7761
35667
84912
2621
2276
2003
2279
13750
2576
2208
2393
3481
1751
3506
5323
6160
2542
3422
2590
2675
2140
3209
3317
11574
17064
2179
4896
29260
8228
106479
11876
11535
1602
36460
37962
24541
15724
32058
26093
41473
30595
73421
2689
40417
7573
19478
4352
3731
320
14891
1460
5084
80075
16434
30267
133748
121242
86650
32497
310777
6140
40288
293107
718816
34855
5759
2075
2104
10354
60148
5243
2199
20366
31197
123561
16034
10599
71628
31325
89128
16838
6716
5955
11450
3291
16050
35967
26955
30310
85680
5724
43108
12669
4885
4797
14331
161202
18383
16620
20828
6728
2937
40976
52700
4486
3995
18494
1715
13191
1092
2925
3678
14653
645
54665
79021
10461
3300
101118
19302
19384
14181
17189
1124
1399
70124
13006
229134
12369
29271
182596
12793
15250
49644
3179
28398
13469
149234
116751
14734
34951
9543
3717
18640
346800
2653
21370
9068
11923
7476
46313
34017
12864
72663
147823
58043
11793
6755
1096
6988
41571
6760
21840
10283
1152
15454
1587
3083
107089
29562
28253
19344
5137
8924
7763
7329
12152
37134
14351
1205
2092
1569
17195
188822
1488
5562
8942
17778
37646
20766
48092
44956
6065
5141
1206
17648
1204
1160
1566
1337
24189
54357
554
2581
18598
18272
2208
22424
19606
5225
70412
87785
5491
7019
15794
76465
16612
24487
65201
89578
94229
79251
98771
89139
46763
35751
76366
281034
8608
43053
99963
134371
88392
4282
5067
27391
7736
17634
16774
4732
60150
15404
4704
42284
724157
23176
3306
16763
15243
28703
135204
224339
18350
88265
54424
10555
8297
16988
45910
50847
6217
32676
20855
25330
53696
24984
87351
148427
87846
27451
18046
4474
14924
15978
7992
5892
6965
9895
11999
88447
2607
59821
69789
66569
29944
100186
4371
1279
11382
22640
13693
12438
64269
12680
25927
2080
32846
32739
6335
10218
6405
2928
75202
40292
129226
1309941
30064
44733
15895
4704
3644
42374
29559
7552
27425
4980
13355
2114
93307
5397
3051
5210
11966
48723
14713
2350
12940
61143
14938
49009
4549
6183
6610
5403
5547
28961
24860
2871
36478
5784
48850
43806
45309
10284
110194
58122
19151
37890
6243
22451
66076
10053
66934
38650
918
5674
21514
31395
38716
17245
4631
146098
99546
11555
20282
12132
29885
26730
8985
7885
25753
8314
17672
3659
13062
6972
13488
2953
1690
15367
4296
99456
3548
14633
58077
11061
47892
117907
355276
190035
64629
105069
12674
79796
11165
20876
14441
107401
8457
21181
3535
133783
19386
55044
24719
51528
18496
17815
31801
24894
47429
52269
67274
4779
87803
53502
47549
102636
72869
152382
25856
21308
158767
33668
20267
9920
35827
40236
63941
49502
38599
39276
115874
11623
54503
8878
37807
39206
2545
34862
40921
190853
117668
90169
275454
41846
319453
81670
96376
62067
112460
55050
16782
56502
59159
35349
83526
7496
110799
3118
2348
5114
18259
11627
19207
3471
21241
5447
5723
8123
57178
27437
2138
5829
5418
3439
8988
18093
5963
12668
1591
867
5845
21904
9834
15062
4985
3353
5941
18339
19913
22861
20896
2834
87906
120546
14173
159045
19303
108406
97533
17632
31957
70630
23869
72160
28510
197502
306373
172340
37549
88450
21089
48024
14698
4637
36170
54690
65483
36347
115187
73627
16916
81273
261549
14115
36274
14994
15169
100079
61341
10103
5982
22916
13821
12150
133352
8564
92788
21822
323073
376883
65896
157141
37271
23936
12227
182055
126718
20892
2039
40747
15278
22602
2752
53068
38067
175208
35415
22762
4778
108678
58855
215223
69591
48957
62298
33070
178424
302039
41585
7346
57023
14341
130975
5516
6062
6061
2899
62152
14334
3642
95003
64126
62246
97716
20033
6887
2896
4446
5115
4511
1677
26617
104997
599437
196892
29224
13253
63087
129284
89033
16694
43515
3044
22482
45157
7950
104776
7707
78692
173116
34043
21306
41641
54717
76328
19431
42070
166837
3412
386281
21944
72186
22264
7785
2007
11556
60387
13761
17942
12716
7600
33574
5492
466493
86347
6349
93231
41791
183680
14200
27464
217395
13159
234429
615
2672
19479
65649
48130
11941
302495
32080
17844
19821
283578
20855
483694
439784
369526
23724
66526
1149068
60179
3033
48643
8109
202024
60977
163773
27057
28593
6691
8187
38067
131473
50670
103052
6218
7146
197322
35925
11353
42276
9087
2674
698984
7894
39197
16381
53142
11490
440390
144516
15018
332903
295188
50998
561617
5089
7316
56909
54554
392301
8475
14510
26911
195003
18514
5006
18366
5028
14839
29867
64625
32036
11452
16928
17541
38523
3204
25995
3402
8996
27481
11007
18333
22382
10779
55343
40839
68334
126698
44165
55664
46747
77791
206085
76576
71330
93617
139312
8946
62691
8185
43147
31991
9487
1904
25610
468474
150526
10417
11707
9552
14703
13294
84962
52450
6635
177018
160255
62120
70853
279219
38060
60194
19422
27146
84435
181507
27645
8550
55416
116462
49967
15218
27124
66871
35459
399407
70199
54501
63510
25290
33221
39497
39599
102360
43434
37564
150308
300182
18511
45869
136954
19575
18058
12473
33758
10359
90054
9877
542900
5789
3658
75775
81161
107503
39681
51289
43612
10115
9572
13532
3127
8375
11708
424402
47625
2922
12567
9814
7608
22442
4630
15187
57107
89094
24929
52652
53631
27004
6382
33901
3518
8085
5324
3085
16278
10562
33715
165012
113575
50608
4815
58642
112674
44882
8780
40879
13569
30881
28201
25094
25219
304158
120242
10226
23359
243107
8508
5587
21030
9128
97367
5513
14988
22703
39981
38760
49166
45387
4280
4540
4592
11621
5242
5229
8498
5781
6843
4292
23346
21777
75369
18695
71098
12184
11451
8075
11929
10228
12306
10532
31595
74367
19573
223912
57438
68394
49375
7606
48227
22803
62254
19761
70541
57060
12199
74103
56808
65143
29552
36455
29185
4298
22654
15620
63113
4457
14375
34156
11428
5224
4995
7162
4195
104997
104997
4717
3691
104997
7101
9305
9842
16603
5135
7566
11304
5459
10100
3480
3397
3365
6606
6021
7414
5714
8785
10170
8024
9108
8504
12384
7806
10996
7525
22290
5678
10197
6837
7813
6991
6476
4804
521
620
551
506
584
712
746
593
1011
944
899
613
4186
1569
136317
386371
87936
20191
39394
33764
45264
150716
26580
5860
41138
10796
28253
21119
98645
12362
16039
27362
14362
7737
28126
2526
124708
647994
228220
141079
48155
67060
12140
41532
127120
59536
61477
25899
28135
12490
19115
4465
12207
5357
30054
40977
18983
18044
42989
22048
445801
6128
52046
32913
49251
21419
15216
54382
96102
148155
5044
14069
33229
52128
10547
17239
24245
27571
1817
57297
33929
3828
1202
15468
144239
55973
2123
17575
3408
4240
15652
103885
133039
56531
46901
42527
21007
84563
12840
320693
62605
67451
18018
20999
21954
24539
9254
7465
241645
321810
22994
108846
3389
6224
113202
3397
4520
169363
32022
14229
197026
4932
11703
24884
14131
186085
12166
12633
42175
20593
13537
25871
20675
6953
10694
1629
24333
9348
7717
3218
1763
24659
23027
7990
41662
7128
9800
38427
101041
134207
119562
27423
62650
57864
146049
10170
197934
91145
6788
17901
7055
49894
8439
22567
24455
21068
17084
5908
36579
38571
80602
8728
28426
7847
10103
5410
4475
6172
99756
310388
45254
2495
3053
33934
67944
108605
38200
85592
3917
94941
57454
143831
3734
45061
70692
186537
9406
26461
25914
33277
125829
18683
18347
21337
39662
31674
19126
18512
13872
14950
2327
67211
57003
25878
1002
14579
35117
4939
21855
12842
18243
171618
81793
57518
58901
4478
66091
20672
38628
19351
234340
4041
36183
12070
57526
16698
202760
40867
7692
14274
81973
19695
143234
78704
24016
95902
62232
102650
65267
7178
2646
17894
94572
233689
1047
996
10683
37665
17299
1001
1893
636
1231
526
16560
872
378
76237
1766
375
722
640
6293
394
2452
846
4070
507
805
66904
2664
1395
440
386
1087
290372
509
632
3307
48983
90475
158
513
389
230
42259
7527
743
6318
507
1163
482
936
1882
266
1316
2227
431
270952
456
2540
527
7103
700
678
1756
1846
3568
513
15625
10729
1516
747
7756
470
895
69081
4410
8474
50046
40601
3685
48927
11027
16124
1396
24203
42873
1470
1304
9061
1134
282797
1905
11420
17932
689
21951
30256
1298
1323
11881
21938
7331
23157
1745
12396
3693
15797
18098
10702
14144
12665
5631
15204
11525
1142
28584
6264
88652
17217
20915
4990
18854
919716
43286
18162
2287
2480
50390
4318
743
2291
67295
6478
578
10936
1219
16405
30079
28989
2406
11115
36010
497
15897
23765
84492
3554
36623
8196
11159
9490
19525
15079
40365
12854
278
311
893
6673
359
1292
425
14272
708
608
134
11978
431
36906
1640
23902
15640
4015
15023
27436
21849
33033
2713
33362
43346
332
542
559
332
1242
224
33552
902
3697
39307
43012
894
504
191
52872
3088
3892
154276
8002
398
333
24687
130
131
123
135
131
97140
152518
3022
26588
3793
240072
68128
132275
5111
371
470
118
106
102
106
101
203
85
81
81
274
75
139
128
147
133
127
130
124
142
142
3213
5690
7379
103
101
104
101
109
62
61
62
131
71
162
129
123
128
122
165
142
162
155
131
134
134
125
142
144
120
134
137
6544
49673
31268
3202
106
105
101
108
103
167
61
70
67
135
80
158
72
136
148
129
128
131
132
128
130
69
79
140
133
129
129
131
190
132
127
134
83
123
71
79
150
8177
419
20524
105
62
62
62
136
77
131
128
124
262
269
144
136
131
160
86
83
114
83
79
167
187
137
102
103
2644
878
500
106
103
106
110
104
104
101
67
142
133
128
125
163
135
139
127
183
139
142
143
129
129
90
92
139
103
127
158
326
102
101
62
128
124
137
134
132
131
129
163
130
128
134
124
142
133
161
106
3092
106
103
105
105
105
130
133
140
132
120
145
132
87
959
1127
104
105
60
81
84
134
77
80
60
80
130
108
104
128
129
61
124
115
105
163
323
305
104
105
63
140
131
128
132
129
139
128
126
129
127
129
132
131
128
192
140
1330
836
104
106
103
58
134
127
162
137
127
133
105
104
110326
128
126
143
131
106
105
105
103
107
194
62
82
128
131
128
121
165
103
105
107
1698
1427
264986
281
455
118
64
64
164
78
101
133
129
134
140
131
130
115
122
102
4750
353
101
82
136
133
128
132
75
223
103
133
113906
105
101
105
108
62
78
75
130
132
133
189
130
102
105
103
104
61
119
135
136
133
163
99
129
133
184
128
124
119
114
1106
299
398
146
106
106
106
131
61
63
63
66
125
78
190
132
73
147
130
130
130
136
140
129
131
127
128
128
134
137
123
132
69
79
130
130
130
131
126
1008
104
107
104
102
72
131
70
135
130
129
125
135
130
143
130
130
129
129
126
126
134
132
415
326
162
162
158
341
455
59800
102832
827
102
129
122
164
135
132
130
130
161
155
127
131
138
125
116
289
187
141
51955
758
107
105
101
111
203
62
61
62
155
133
130
128
126
139
135
136
146
128
130
136
130
135
88
260
190
190
141
8415
2521
106
106
105
101
102
203
203
135
159
73
128
130
69
129
135
131
132
133
163
143
131
128
129
131
128
129
128
129
121
59
78
115
1865
8229
59
6720
2808
12165
13771
4290
13448
17434
22689
7874
37363
11510
12659
5945
11155
958
23675
67126
3801
50456
27812
4043
103362
18962
43886
45925
16142
90648
459
61865
9818
13286
35449
47359
114127
48085
19513
674
25696
14768
18207
30795
2310
31765
1907
29211
15258
8751
22274
16244
35259
14342
23492
311
1163
278
64838
16029
2106
464
626
776
7901
25587
13826
290
8011
203
102515
344
43772
19046
212
903
545
962
1732
651
16422
335
25614
56020
65264
4494
3280
2435
2051
12884
492
952
10902
19791
1950
9212
18957
1013
622
1907
386
30624
10215
43885
12659
102263
7237
3823
650
18257
168631
5732
17057
21200
199135
30781
4959
21682
1698
5048
30026
40547
2823
383
1550
12324
91537
30693
36021
33542
1555
74134
151707
23763
89187
16781
18339
57012
140270
4343
13491
1154
5787
50330
63143
60496
41590
8146
67805
104349
74448
24276
25784
19591
625519
33882
6742
8850
25995
581217
177710
99758
10990
11876
78485
42463
6857
3292
354854
2297
123055
91532
100615
62760
50139
9696
4431
19488
80554
7246
28672
71373
2120514
157400
26212
14242
53795
103331
130144
67899
14038
82426
8677
166590
1397
75126
6319
3962
30409
23085
10817
31020
105444
10569
7142
6781
29902
118051
15193
3112
902
24186
11862
19881
68067
36660
22083
19340
81083
4483
29559
20902
21151
20932
9337
12394
9739
107583
20660
203923
19155
12703
15326
5851
15267
30216
20163
37121
23301
190791
486795
12656
60153
3000
29846
18298
6201
25689
61803
106404
11097
82501
34696
28311
77053
101752
86139
23817
134588
161007
42296
61118
31320
11421
15369
5048
174042
789948
40787
14511
2049
19524
2162224
24671
11507
15217
21980
44448
10804
3800
6246
5442
3216
2630
9597
12770
33729
15521
25988
3248
2006
31811
1076
395720
96261
16098
32042
12653
2291
8693
56983
13808
12894
29764
60324
35975
7179
47433
75471
383876
67443
6358
220062
17880
1501
3928
1009
4079
14789
5850
2675
4985
87252
71430
21365
13733
7563
2867
117402
5226
42029
4452
5799
161171
10867
29140
4653
31416
20451
3426
115281
19290
14029
5496
15435
9193
5853
5295
13424
7185
4835
15267
15916
55394
8401
8379
81090
9295
2389
3082
22757
77500
322163
21357
62134
143550
2014311
62700
49669
309811
6653
5315
13126
3402
43387
33407
39584
3060
1085
1909
11352
8789
15428
219777
5258
2254
8646
6647
6880
3623
2124
3776
604875
1483841
198229
6857
7309
7845
8113
36023
36123
10546
23758
32976
22888
712197
8846
51961
152378
8616
34692
318442
5401
183307
144715
21625
137579
156348
21079
19292
35278
12369
92551
29610
22063
6721
40535
9178
68798
103737
2792
19748
93056
1646
11899
10414
256438
71698
29338
103078
226762
115089
13003
64365
18877
13299
9954
137934
50172
145632
43604
64215
159075
33338
68674
87528
219308
11866
57666
44286
20085
58530
138787
21424
15178
169213
126420
92705
66046
6229
127023
25098
66614
31971
65803
288494
6917
10393
8902
60919
19681
10796
24615
6226
149035
23030
6100
83057
17836
10250
39873
40503
202550
46695
33806
18960
48372
34028
45081
97502
855478
88804
101305
26033
151920
119765
21361
77221
38536
114699
5697
3707
32243
44677
103686
64622
89165
39652
17353
3932
106930
17782
31400
68115
13669
36244
139930
27065
589287
35356
18252
7027
15847
5024
9555
150279
19627
15233
29452
25235
14351
25279
20679
7479
99021
16562
66792
7067
6932
10702
5712
17241
44923
144083
157693
113666
122324
8299
14325
110526
54684
51193
53619
953
10540
1097
1887
5041
8195
10930
468447
52072
71040
23908
7256
145600
11372
2478
5745
21269
14413
18145
37595
13701
21323
25197
7851
30245
44995
40199
13893
48886
77037
199534
2665
7615
10208
8832
696025
231695
11615
162584
70292
18049
14735
18351
79654
59113
846185
15619
48904
13009
1972
36424
24251
68013
130885
2911
111261
45192
198993
8614
25634
29862
555269
54759
26132
43731
5701
2207
23627
321602
86726
196188
89435
74600
12504
18998
9870
12330
6969
5082
47148
25514
15593
49821
173736
8936
5404
21873
3382
10309
13466
16928
6323
14766
21559
131868
15957
139442
27967
9551
148800
323674
100787
49039
112057
53369
173988
13801
48376
31296
17877
138846
206796
10767
60488
21854
108922
5871
19182
60709
27551
4718
11548
107203
5757
1518
2597
11698
107085
33133
72488
28826
286
2129
13989
4349
16219
46089
6620
2879
24001
9499
11111
13579
16994
4663
118914
81147
11270
9356
10869
23722
12246
115510
8513
2647
93509
45171
7521
4224
21877
6608
5548
13635
15014
2938
22533
28241
15408
87536
46239
31055
17841
5162
20899
3562
19013
6674
19700
52999
14874
11641
2111
40979
8859
85051
2093
41357
19558
89903
8329
1828
86296
93460
9796
214250
36934
18886
283394
69788
21229
6538
8526
23659
10928
101984
8988
226826
3388
49435
15262
22271
20870
1692
97703
41548
118170
15874
11951
125860
148756
30402
28789
17048
3018
146217
82219
85388
128060
98157
41305
10102
15511
6062
1778
57207
15729
28220
8602
53091
22658
7183
26128
17451
31763
14544
12543
72006
78568
104493
52391
25292
25576
2506
7085
125520
331416
79
96
82
85
81
86
81
108
81
119
84
86
117
81
100
58
83
99
101
81
98
110
104
82
87
94
87
96
84
119
83
64
94
83
116
109
87
105
82
79
85
103
82
89
77
109
111
82
96
86
62
86
109
83
77
111
84
91
117
110
109
113
109
99
109
94
108
102
109
81
74
96
107
83
89
83
86
103
85
81
81
89
99
66
110
116
112
86
88
83
81
69
88
94
95
95
95
92
95
66
96
101
83
76
115
117
119
117
106
112
114
108
111
108
100
75
110
71
112
79
117
105
111
108
90
113
97
116
117
86
90
99
67
73
87
80
79
78
93
82
98
78
83
78
78
89
95
95
66
83
140
120
110
90
110
98
80
76
83
96
92
81
79
93
95
80
75
77
82
86
107
79
99
84
107
94
96
108
91
13361
48884
16097
2598
11343
211928
20289
4034
26443
18285
121529
39469
11099
21256
18089
2507
10734
78584
13806
20344
33141
15561
37149
36245
269175
27717
44890
126789
255350
19201
4699
5190
35392
5740
12762
15823
30232
13401
6150
18122
28163
47016
81706
30373
20509
7908
17826
10279
12137
21494
236108
24907
8212
8574
28213
40620
5669
2789
44476
9923
13545
7716
9491
8262
47300
21513
37006
115966
28319
38566
155995
62556
16309
28048
15250
4959
17010
33386
56939
17292
192119
8687
23961
29937
45533
20259
11736
2081
10235
31864
23941
30905
18768
7983
76989
205486
44334
42621
21531
11324
57901
15701
10372
28282
1307
4235
927
21613
64630
86657
11659
19414
5722
154381
6738
16015
10016
142197
66834
8257
3199
12902
2359
6296
32462
29023
42063
264052
18134
67023
174451
115189
7466
13348
19513
2386
5868
44149
11013
18385
10990
55614
52372
81670
61462
45925
54820
35278
3407
959
9687
25464
5985
6288
62177
6678
24085
16449
69412
38410
31948
67316
4619
39928
68323
55346
59199
8412
3285
4503
22036
12840
11297
7081
5008
5426
4229
3806
4530
8480
13003
7875
6024
5760
2900
23360
11827
2955
15075
3490
17065
6818
15463
6015
5835
23662
1350
6157
12047
9027
18730
42618
17568
3006
3970
2605
3158
6655
10726
9882
36833
2881
26357
10612
3041
3007
16544
6230
27186
5003
7580
13182
7767
4198
11963
1785
68544
130678
6850
29305
8699
2380
29627
10179
16245
3773
58821
56726
17925
170106
6507
12138
13140
11605
15511
13494
20013
7949
38148
21365
13292
9893
13781
14499
13659
22837
10608
5798
640
59143
50826
16394
17324
32477
362777
10006
8869
5682
12364
20587
17319
1050
81944
325140
5726
25847
122188
11869
4577
15156
6400
8355
5776
2928
680
203
1544
683
783
1142
954
1038
347
1377
296
1829
518
1017
782
1403
2096
38788
8982
119872
66386
58039
77758
23477
19776
121105
58013
7241
22581
18231
4720
44760
42778
18074
3832
34279
9857
12746
15376
67510
188897
11469
80160
18501
69581
11049
15689
17891
33452
51582
8618
69346
43034
50179
120528
23791
37958
90992
22166
19458
25249
109507
20797
29083
84751
16463
99183
27767
10253
16823
32336
139214
20313
41149
17371
94231
371799
5521
62004
13305
4738
24132
12307
32239
13695
32139
32425
38035
9051
5377
113811
2328
12024
5317
159199
11604
17498
27646
23847
24231
20398
14447
60378
28090
4482
9862
1628
33296
10381
35249
28420
85607
23480
18153
7659
13499
4925
238144
20504
6834
5826
1292
11273
4978
8100
35940
2060
10219
60382
130776
94774
62570
23815
24104
21667
23894
80751
20744
8559
42621
14765
6155
35920
3468
6396
21645
247253
11037
51025
8982
1119
16740
202043
56603
21484
363982
101187
206685
29382
14956
160712
22472
277195
192299
50561
15142
76592
407122
163506
299986
76955
152153
69709
81502
201280
84678
10397
90986
2606
148668
2603
123401
72615
50537
15797
8516
26758
75974
85600
10783
31982
116257
166309
43681
64252
133521
111506
2093
11094
50794
74450
24684
94194
7905
23524
10035
62808
59275
14945
52392
19127
52030
2331
17219
22476
54839
4261
19104
72671
13564
38340
6400
7381
7078
12269
8482
18109
63595
30841
42134
28265
26371
30705
8941
31809
29030
7406
8328
4135
4750
63118
342386
37768
791
1460
3428
15099
34558
23237
2795
36319
2085
18937
45917
37742
18648
3475
12194
18042
16314
113054
25565
30326
38282
872
4120
25452
7334
5280
252760
658578
786402
16466
2069
304793
161394
34318
19965
34693
28122
430075
300381
487059
26467
23205
69250
28739
72216
27239
16982
33107
34145
29716
3593
9749
60631
9195
30774
17369
60598
125424
74764
45452
912476
36489
10588
10117
9938
8098
243053
231745
80013
33133
61372
159341
141496
161907
5559
16014
46324
44081
54416
71698
53951
1662
37513
8230
24447
41393
8644
35510
37412
10443
149686
328367
35518
1929
5133
26985
9161
2302
2657
21704
2127
3857
22830
16006
28776
13396
10361
111627
1831
5183
29536
24216
16807
2167
2277
25744
10292
6630
14435
9638
4338
5198
51388
6288
33668
17014
7178
110533
5569
545
9803
3926
5481
20258
10643
197858
347667
26382
15080
12391
88011
35241
98032
18525
41170
85256
329628
12604
185693
9989
3877
5301
732295
6111
9482
59156
119492
178582
256128
13232
1331
25461
43973
44007
111711
127078
11163
40482
24124
16515
11122
5837
864067
534652
54651
19260
6800
154779
15920
12165
9043
29713
113397
72734
4265
18220
97958
85803
27911
2720
8160
11616
4254
3544
11985
791
1482
24854
31552
230357
83268
36097
186656
87659
109124
129453
16704
74298
9075
7347
31952
27495
27873
339241
210826
56575
15374
92767
94190
7263
3229
7567
9586
13496
14974
28047
31547
22357
21312
57678
41432
27639
15572
68569
5452
29614
97958
53394
18219
50892
3367
5883
96120
7805
6914
2829
61666
231526
153558
49634
11364
4603
73190
55759
20332
12610
43990
101897
8891
102064
66267
2154
40790
23223
21335
110330
41063
16714
166454
23889
32443
55664
36294
7391
11039
44358
1207602
685668
20859
11176
1517
73036
29493
10323
4128
7104
35878
3240
2438
3190
2372
2953
1466
2775
1703
2590
2241
6925
1540
5213
8596
744640
13846
22418
151508
98769
33042
22982
84493
7557
28057
46620
38949
24245
38200
245788
16436
2744
10573
26239
10325
5768
431
956
17239
6712
129398
66828
23891
17938
172534
147247
8393
27354
2995
33822
43247
27464
3405
2427
13057
93410
16046
24146
5505
11788
28529
4545
20211
50524
34738
8401
1627
81118
19844
5661
4188
363776
124136
9506
4807
23431
19650
10711
16800
50795
1085
21660
4935
11743
7833
4788
23881
8358
6056
84231
35902
20332
15290
66161
45445
133499
50319
24020
4239
7066
122800
35742
23180
65859
176309
10479
4588
22369
19381
178490
4766
37882
12546
989
45567
19662
39511
13203
12549
82511
31401
55584
40519
85336
28266
12387
42254
55101
11704
7326
1947
68248
1309
1302
4200
15324
18409
62361
3182
40455
224612
66514
8964
10910
18138
3716
1265
7231
8970
1145
1256
7955
14984
29133
4125
3315
7387
26296
5410
9914
95925
18955
36445
5007
51598
52942
2265
23535
7039
9746
12850
7446
121694
344237
14457
8026
40911
20826
117025
186188
3482
77580
2581
8708
18242
10547
5733
373129
62789
44581
160371
1046030
178844
84590
86208
25862
93892
1728
14235
8919
154178
114826
17430
17575
8483
1127
1144813
106544
1630264
755
8119
110121
78004
106450
129474
24569
21773
59845
24996
59279
28257
228787
8742
23723
20116
5627
37629
55656
2366
17417
125636
42985
14180
102913
8301
56820
44185
26175
20151
69639
3786
6172
16686
185392
3096
113779
8645
363052
53251
19226
16807
310093
370437
9890
50162
6690
71980
16772
30777
3745
221962
34894
36476
25114
13423
45554
5518
82634
3132
6547
12679
20499
7001
37663
2375
52196
2492
3299
11727
14839
17441
3478
52525
16515
23304
15383
25370
2605
17760
29168
30761
25464
44267
46596
121954
23722
44627
49610
52659
52876
58779
56317
66061
98315
117344
85449
26162
35852
10143
18884
18349
48783
19648
18606
24351
105951
96992
1913
3504
26744
30335
21300
10801
7662
52399
82046
188012
13261
21139
13360
138231
17299
34339
36327
50625
313463
8818
3045
7291
11275
246671
22346
21036
51368
17971
8279
10716
11187
9319
8942
9667
22612
23759
12741
13112
19817
2459
31747
9184
39318
3184
130430
19307
33526
329796
1769
17439
15445
9810
50772
4663
26101
190408
13601
28509
7071
6476
9548
45491
39095
3207
2517
32258
5536
5600
29601
40763
36067
67388
26019
29101
3296
27805
6778
13483
10016
20670
44797
9490
20579
117584
24863
37510
77642
222176
22533
24295
29311
37174
2829
1384
2142
4754
22084
968
8844
3421
18099
938
53252
8224
2734
27537
47518
1166
11716
75236
21355
17646
1107779
373591
23822
3144
30514
85220
34772
17802
5917
10089
50676
1010
14061
23111
41759
24060
36285
54678
39469
64561
7796
3213
4428
8549
28230
30611
161697
257882
62772
190579
45387
173044
54414
193293
17515
152905
143092
6348
32929
18174
7415
13986
8345
20423
3969
54130
7001
7385
29155
47177
33948
26116
113084
67460
96576
69079
155948
9411
28905
9571
3262
1518
8196
8268
18583
3155
23501
43102
190740
321984
56511
25463
25245
11566
30968
7694
148346
2199
29070
4011
89273
15113
15037
3342
44327
17857
11604
10557
54874
6608
101001
41931
3009
40444
16467
35697
14731
141154
49266
6932
16015
50645
44175
35039
11518
17847
8360
3805
63615
12363
32297
2068
15417
1990
1148
3107
4603
3399
35158
24963
131968
57682
45456
93394
13101
32468
42579
27429
33010
20424
57691
18769
2584
21445
12633
64951
59094
27320
115195
11910
60847
9509
307433
34322
23914
64665
639983
639983
25912
51986
149049
7648
99560
18182
122507
68399
34876
23826
16733
39044
13067
10778
25231
33368
52363
33312
270985
74083
84905
17431
81821
4576
11773
549496
1029617
2358
21082
67008
107797
23251
27314
108855
137918
31818
9261
37041
44448
32131
21727
10232
5770
32231
169817
34474
62268
5058
157818
85505
18895
40833
2011
302689
31742
7963
20516
79944
12454
78715
95408
179290
21377
98887
56640
29611
51544
11012
14339
1408
98480
4925
194098
34924
12522
94113
8412
65455
3839
24290
199941
10263
340284
50497
26133
60016
15579
1531154
91995
13882
6256
7413
896893
264986
2456
2393
3018
2786
3375
2917
2387
3372
24877
2334
2390
2899
2339
3170
6041
136912
26478
9853
57846
111423
19554
25467
12932
5935
9389
354570
96776
47438
70188
19192
4185
14606
87062
136691
152709
25239
6298
57653
2240
61012
46891
3528
302705
8224
429673
198331
22574
22410
40980
12313
10677
43475
7397
64800
13558
42569
41119
64997
26506
12262
22883
15671
55775
14946
9548
20694
9501
446431
10501
277605
27258
562361
102254
265406
162312
48671
567725
18940
1505951
175165
141638
71953
43140
55540
44986
15157
88237
310196
121787
232574
93100
3259
20956
17639
176630
233972
48496
38879
59902
13902
2861
7520
60276
24991
18909
86929
17687
11720
27167
14529
67003
12051
48691
11765
31190
14249
168027
15162
8945
7668
69125
33965
44531
96022
90283
38624
229059
88160
21821
5448
12342
384143
18558
57610
13239
31353
4894
226223
148530
12629
210081
19776
5022
212305
28631
19788
23289
2603
26767
53696
141844
10629
1893
17198
74102
5323
8896
42163
36074
5293
12444
16425
2681
38966
5166
7081
9491
8939
17723
136496
10043
27446
12103
42012
25759
212656
12158
64049
1057
16794
52919
8148
5063
1474
27221
79439
41697
22043
37539
64238
162369
5834
10091
2093
14532
2164
7051
68797
26499
11515
21034
9472
65646
8220
10581
5269
42589
5486
5186
8893
59435
35542
49136
18321
187794
3567
12457
58671
55798
15895
35608
262362
217898
71502
16800
4695
23685
48426
68009
5271
4622
243709
4978
16785
22717
46805
6777
186621
21123
69344
104086
65946
137316
68803
5058
25865
72137
6989
13374
98852
28978
112818
137153
184900
13882
12474
2452
939
3249
47984
219332
17956
222429
70388
9550
7505
4364
2714
32989
38948
115250
17327
13741
11247
40812
28119
9257
26482
28236
115011
47921
6034
100755
102368
8909
13496
169088
80836
19731
218709
5865
61919
374536
9128
23881
49357
50105
14239
86081
58365
144335
8980
6373
16007
27961
14615
9467
95975
11887
41686
16379
5698
8771
111763
105530
60562
366199
83753
74048
105019
25978
35179
12555
81599
8608
71354
48630
66771
49747
94141
4253
5269
3412
5116
11412
12112
5353
59254
33840
15078
3846
47465
43298
269513
28582
13219
12470
110680
49055
11082
40594
48981
13373
98297
90323
44236
6157
19600
12728
20836
65999
43241
4984
50105
8404
48107
93029
85813
64430
43690
37118
34631
9870
6374
487868
174851
15413
156847
32041
8831
22197
10758
27985
105369
28526
40828
190304
47851
11009
203594
37286
11239
16227
18477
17369
11026
2572
22195
3655
5382
6387
5808
144453
8364
38445
21246
65692
14614
21318
39736
42251
129717
32017
9527
34938
30584
11216
21936
14943
8253
40051
13181
27638
6543
18271
120903
56294
19181
712838
19487
15272
369196
22985
21556
25285
306755
30743
136514
215176
58156
337248
184314
3167
63867
179362
55246
154084
16449
22197
7516
336499
3402
57703
57112
18220
51108
21732
22826
169491
139662
182640
50520
17342
43480
31286
11078
15913
122842
17315
44301
16651
43442
19302
49421
108134
8411
47761
38427
158973
8318
8286
26818
29719
11805
42601
12179
11936
87908
20781
8880
6373
9980
5771
5175
18430
8419
20788
27130
82742
10574
15265
12663
62274
8123
75120
128910
2849
14391
326019
12403
14134
40980
259423
16398
67346
20336
11836
38668
17822
12326
59622
388913
286251
195876
15784
441951
24330
25999
14467
153731
40460
22028
20140
6412
10160
47703
20196
49771
30134
10390
21389
3918
30005
9127
12808
86827
24302
9707
4036
26879
69656
5300
18450
13073
15629
18668
10678
9418
1924
2659
4865
1633
8772
9091
27226
33384
34444
20539
13179
10989
43371
78925
61924
6302
31143
3090
68111
101714
29043
104738
6549
46790
31888
66560
26142
10647
15916
27921
12142
17614
59939
313917
47960
25412
10966
6186
38581
1736
10392
28186
48519
24603
5812
15801
10422
34835
46644
59634
8458
10741
102062
63969
24490
4138
35029
15909
17225
3276
3918
26014
37688
7122
7131
3927
11662
3526
5483
1437
5556
1555
38651
104046
16004
4764
28540
16371
40908
16604
10327
4228
10215
17381
5827
9855
15787
10388
14001
18100
39387
26638
35534
34687
27773
8421
4581
1536
15997
28131
48187
12610
31403
57710
58170
102235
181738
17743
74804
132678
38520
82268
2980
3120
1277
1947
3641
2592
4762
6702
20982
77239
3977
62590
65183
125274
651512
102292
33979
185375
3812
1245
130351
34056
76000
474024
28688
48434
142634
150322
91358
24510
587
26567
12608
12442
1327
13059
6807
28903
17939
19733
24380
14967
32023
29397
75562
45656
41863
52209
36004
132074
29920
20205
260886
5365
23948
5020
47001
36914
12242
31826
17481
14616
3500
110622
195857
22945
72651
18967
4044
4020
113553
14603
3113
7805
27853
94811
16716
14235
7651
9044
107404
21908
69166
8778
1169
8549
20095
31819
41039
12746
5309
3071
1749
1043
47249
17254
262457
16017
19761
21454
19935
41768
59724
427304
85317
34419
136724
6574
25466
44397
8146
136698
31655
149026
273208
44951
71459
6736
59221
40931
63380
150749
90040
24248
30536
26450
70989
114108
16408
20885
10311
38362
24498
4548
5144
53268
18001
3450
2775
4476
2650
15731
3472
21684
25566
53969
21630
101835
73233
14703
7446
10270
56632
323014
109691
26470
162533
103696
6586
20073
15652
963
5264
12474
14442
14119
8196
9737
98186
27555
149738
310495
5499
3566
5605
16862
18971
345272
10568
7872
30721
210654
51551
34239
35841
66317
10450
12659
23340
89313
241252
9244
19002
113141
59795
90271
394000
331310
30137
486671
26529
198654
60423
132310
11612
110901
313137
28390
75858
217160
107006
18900
43314
6986
8320
18366
5656
6025
7946
76613
6336
4870
12901
8176
6857
9021
6093
5835
5805
917
1687
190130
3654
9495
25845
86711
9386
51830
82117
34334
5316
26452
3053
10765
12922
4523
13518
5259
14282
11632
8117
104367
14133
91569
2269
80590
19389
33953
12551
41999
9091
13467
60772
60408
11067
24771
11986
12490
9025
24839
13995
63196
21940
34282
23112
3779
2343
49655
35014
19810
23721
8515
5191
66722
5678
16812
3017
2268
716
4716
7005
2717
1957
5812
1990
7206
79146
7267
1366
36924
15435
53810
9135
28620
3643
24305
9144
10757
69160
74531
59992
7578
5083
4710
20695
7363
2002
3689
6096
2340
1757
16043
16195
11578
3142
5673
7680
5322
11857
13658
9050
6131
3920
5160
16840
10121
5173
5438
4586
106376
104793
9822
28758
269695
20592
19830
31862
26227
2560
21973
14462
16077
51085
568908
36416
48530
25191
1287
32242
12536
13014
21238
7504
23366
31081
6409
64618
42942
6397
50604
7096
2990
4659
63239
3124
6466
17268
14329
11533
3473
8902
25392
21492
75264
45913
18989
12767
92746
10679
11971
9260
17312
103440
7272
6831
3161
974
4446
76136
28455
103692
25173
9611
51138
2892
7400
1425
82576
21941
4513
10438
38990
84689
29275
43658
9823
60586
84690
17794
27662
36972
64456
20093
11013
201968
10433
62523
26191
66500
61124
1854
1296
2934
6027
11429
78251
11246
7187
17428
7878
32275
75274
2383
18657
31702
21571
8256
22244
103986
205055
120559
8591
67292
4623
81722
6545
26199
32890
32808
9505
48735
41781
71875
174352
145672
18633
65613
56459
65029
47971
22467
154308
175488
59240
24949
11596
79693
109545
104733
112499
2175
2320430
145133
67269
682373
42756
156333
704125
15174
752035
210340
179808
267008
61537
1093265
73803
20201
5768
10442
3388
7028
11148
17301
5810
4542
2711
11761
116912
80104
39692
8756
7357
40984
22826
3856
29836
16496
14277
38703
18617
16771
28596
77584
68582
10364
17633
47140
4509
65288
1781
4869
7713
26869
51804
42717
14835
4822
20929
16512
25384
3635
654
46094
8034
13723
32054
9072
15296
43281
43983
28432
24919
61085
37679
29670
7501
30843
17246
77968
138028
108194
7190
10769
53334
23576
13225
32815
169879
104582
37433
26609
5031
21209
24355
12987
32088
10005
32973
24192
24782
46411
22842
6099
4635
65135
156243
77113
5642
63770
20310
88467
134544
15898
11414
10603
4200
24092
16034
67258
80368
4148
52978
216029
9891
76922
72018
33817
28642
27576
35628
19295
33748
27090
11367
28404
18814
23294
10151
38526
110101
44926
26355
21644
77461
10807
3130
99788
16343
21617
117958
591874
43569
7191
6288
13406
8608
29879
25939
20553
12460
29895
5806
8082
29811
85415
26947
28180
5898
38087
52670
24654
13065
6840
542111
26216
83722
22145
29692
99686
66472
30348
64145
87554
14950
60787
11287
8828
60323
135687
62608
51856
36169
36282
274946
279155
89726
40643
236230
128075
64239
791697
13616
43017
17517
4226
8238
60987
301832
51264
37099
54909
4837
82386
25735
1373
77866
33240
47234
216892
144802
28118
115718
36734
22748
293046
241945
167344
16677
53451
40902
34758
644796
22344
34263
3021
24713
51711
82874
117869
115539
27341
32457
311318
15375
1731
10725
70123
42139
519494
66192
129115
60043
15512
63188
18832
18488
2070
10101
4417
4643
14901
1178
11141
34610
64580
34868
65475
30541
2868
76698
35525
18686
77466
3694
131006
63912
13616
36863
26853
32365
67560
15044
6815
16925
9655
1534461
244063
436299
76997
62235
46719
32177
9200
18292
20752
27378
8729
25798
16874
19843
85221
202289
11218
12414
76899
60599
39430
2112
105948
20184
12804
33212
51796
9948
25657
15028
43548
35289
10319
10093
29208
100084
6517
2766
222404
39584
1315541
1663
1160
21537
25369
7482
4616
184846
12373
155952
30675
28609
10216
64893
69254
79835
215376
16852
45716
59884
18552
30302
23540
8924
3126
15943
14243
17045
9345
76761
6478
40594
64330
7747
9765
1978
27127
15874
12923
27795
5143
10624
7271
33481
58184
86535
7463
66521
28828
7164
39105
116705
8815
84743
3585
31128
6670
3117
3240
2555
12143
25731
10539
27782
95835
75491
3571
426081
7220
8437
4479
11398
9058
1073
5408
77814
12450
331743
107436
9090
26600
14132
31801
41745
1739
1885
158289
6076
23918
15155
73475
157736
2489
19393
2524
11722
10342
72792
75046
13547
10784
14484
9828
16693
7613
6263
3124
6459
34032
197473
77350
31692
30708
66381
253215
161645
7515
53318
85158
64252
178780
18658
32228
44622
36280
49193
1187
18366
1247
11981
15453
6580
1784
208274
15375
141088
28824
8715
9094
60569
9823
24034
7230
11605
13523
4610
7118
17396
85782
27341
2103
1938
209004
43000
28480
3396
26061
17156
12940
13207
10690
9766
10901
140656
33596
13420
7575
79491
16475
22624
10767
17405
25083
15690
10471
7593
21877
26409
3372
24091
33285
5880
11736
39074
1208
455
410
189454
1565
15786
1217
1187
884
488
80810
2667
695
884
941
559982
722
2256
6830
28777
44752
924
15523
36935
5908
22607
11562
509
63827
6867
107316
21686
1294
419
416
1208
32282
286140
12637
15089
4692
765
1982
13941
1378
1802
25389
763
33345
22160
537916
11575
2899
401
410
7709
2238
2016
1394
341
25292
18228
19496
587
1007
768
1445
829
9098
26700
611
47153
368
464
2636
21243
2135
614
22287
5335
30895
650
35170
268945
21414
19625
43984
15418
8457
4430
41361
78662
33253
14085
5327
97539
22088
5223
3556
79309
120356
139893
6293
49214
560306
429609
92304
42010
73838
713
53857
28029
118626
10681
6017
12904
27126
2916
44664
54905
12759
24160
34197
40790
3907
5323
5162
33792
75857
18275
55653
8176
13933
15423
15908
48618
82792
92244
5795
8703
10729
60758
15000
97653
54361
6118
93731
90104
14281
48920
8524
3503
38245
11532
208783
4838
24832
497777
513619
204660
60685
6839
216855
109618
3567
11065
34781
22953
17428
25567
2608
23800
32174
31087
8976
22234
28627
224225
27544
6620
8098
356244
3587
13358
55638
15896
2916
2485
20963
57063
65984
20635
8245
34485
53143
10997
271
1985
928
461
452
868
17653
3025
9382
42900
4610
7245
201
17218
7088
3594
18184
33787
29417
41097
5551
11758
67452
464
69462
17569
28055
22131
8509
133892
23994
116838
129974
39233
17036
24046
222067
2318
79289
73647
111105
9840
4384
21956
57180
138141
182322
6704
64697
37348
1224
13800
39385
25262
28237
25709
13018
16159
38383
101035
34978
6403
121507
93008
222235
6549
767
470
2671
3063
6812
18284
59416
20913
105470
5489
21267
14641
27308
72629
12200
2478
10014
8984
26169
13674
58021
206496
12617
272337
23483
24063
18535
13941
10205
20970
1039295
512585
17399
119666
94949
4618
2123
29292
11594
343851
175322
724198
180761
25621
151228
458230
10388
43382
63813
51156
10602
3058
7516
111409
78297
29123
20299
31791
14786
21558
181237
53991
92933
74864
111852
25643
3530
2391
754
9090
11093
4419
3282
3155
3340
2980
32855
5085
1938
4332
5433
3545
437
3739
1829
2434
14858
347
14703
444
3729
446
2990
363
7470
10571
5146
6520
4424
965
8018
3194
3453
1072
21402
47704
10022
1959
1380
22853
9054
297
47920
103530
74293
1417
1004
4731
2182
2162
5312
1446
7234
486
3076
6547
5557
1862
1269
251
1616
4675
4242
1111
2277
464
497
4935
1369
1406
6208
4555
4494
4297
3466
39251
275003
105901
10955
177378
44131
6813
144143
16611
47165
3552
3400
4022
298496
3823
4232
9494
3219
1651
19491
35893
3791
69418
61983
125918
12399
24301
6216
30342
35685
11274
33636
23236
24803
7128
16345
5036
8652
2049
28458
1478
12041
54080
62116
116617
9005
18727
47732
52271
19617
19947
21274
135843
83147
30830
47281
19990
3739
188642
4610
11038
3704
5544
9592
18992
7237
2979
5851
5968
7280
2788
40596
2264
2916
3698
3946
2404
4702
57875
57875
7996
6932
21285
19427
45769
59662
29638
17178
84695
5243
1210
220220
12965
56600
47756
40104
25157
73976
16319
12423
4539
15399
177283
56798
68431
44903
74480
19775
9827
9119
136719
230778
148041
324685
58162
45620
28470
96967
13641
25227
3124
8726
15231
18399
118613
60874
1430
83880
11958
41604
11815
72423
131234
585217
5622
8774
5329
5849
40182
1450
2007
1281
5153
519
2869
21862
2567
41172
8094
20947
13455
3795
5132
2417
59877
84553
56021
21119
29931
39444
15202
17573
19229
16180
4964
18346
32913
14583
19642
45156
214003
413336
14607
19812
32828
24278
51007
78103
5378
32646
7971
1823
5280
29684
18314
63321
23366
54234
15847
11739
8677
27733
318538
14660
32267
2852
72331
180461
21429
156151
14961
9235
26564
366363
7764
3154
44673
43900
4467
32772
10581
49638
56047
77183
105789
82714
27015
12478
25368
1414
54635
398816
32733
103338
66491
51577
12319
11385
327
89
139
138
11057
12815
12996
11267
116421
78200
324940
18022
42238
44364
3550
1219
3007
3362
1965
912
1417
42200
761632
20652
78839
158407
20635
131585
92690
111890
70275
118908
9822
134337
109980
22413
49609
16077
97864
102415
168812
148370
4487
23219
54348
33874
12581
33566
11981
29572
22988
61721
4026
24734
3650
11706
802
52331
121930
67378
29402
2018
13792
52901
23288
29632
22525
113971
30889
18684
37611
27517
342485
16266
60546
2243
18131
21371
1325
29504
60243
49394
21601
9534
983452
273411
22157
3534
12502
14409
4974
10213
1441
39804
16480
15649
47148
19980
43349
39039
34586
42905
59635
22022
20818
47608
42152
42845
77322
70023
21962
107964
54924
26101
27299
26823
8210
6394
30995
68954
31010
43976
10977
8566
44198
107143
9437
32914
660
38666
7122
2603
14407
10892
10513
10082
17022
7283
19541
35550
16005
20157
206450
11253
163322
189151
255511
29454
11632
18003
28239
10458
106759
26304
11487
431241
123280
121330
10582
9382
57222
22088
55824
36806
8899
78118
140976
27214
26063
2898
30241
3865
93028
146273
9573
22955
33178
27992
23895
9639
76860
67213
28535
169344
36229
20336
6329
202835
26725
46615
26055
20036
5881
103446
3846
24908
22027
9420
14719
7374
6205
185398
7270
9182
5101
10306
5635
17120
17752
40148
31243
32176
8425
9008
20199
142959
17342
46534
23890
23105
7708
27114
11001
10385
64022
26019
12938
8843
9295
7291
86377
29559
3839
104734
5852
10239
19551
92826
19730
52164
90659
361521
23030
30814
85717
66950
20180
77714
2995
42785
31768
152518
12128
858
53168
49602
154728
20347
14312
20750
6023
19670
39897
20336
37205
5205
7108
9127
57290
115823
192877
5113
15397
26206
38523
7546
96639
4462
70273
16056
19476
2200
734
3505
14203
13444
36258
9322
22273
116988
14075
14975
444329
70777
48614
36313
196829
118022
25378
69436
261484
73974
15682
24546
46288
21195
65201
41264
29478
16680
36476
7956
27801
21705
6557
35859
69245
91198
12227
7907
11320
24128
12491
37150
79007
17669
159310
15227
27428
460691
131085
33946
14819
199664
86491
166204
99977
334242
33120
66670
43767
47548
419965
59972
4268
107322
18116
11606
22221
121508
93766
31523
30291
12697
24227
19544
5638
9153
5055
4571
4226
14886
288730
18918
5450
66414
16158
16472
13578
70717
91305
29120
5275
90110
87614
9591
24351
73639
92225
9533
171684
297492
207804
106297
78918
35249
25369
17947
63616
95538
16317
2807
18862
8596
16482
8375
9639
7788
2858
11595
99872
210455
7830
231903
78848
39445
45153
54619
36544
21964
12011
277546
150623
85083
38372
83272
22343
24072
22735
8177
27073
16550
6696
1620
4367
5236
16867
13663
4523
4980
35823
10312
17876
19185
307125
150311
68640
2747
28029
78137
37485
8591
35853
15235
28109
49280
13882
59983
68637
35181
21558
17206
9484
2766
10274
13625
34613
5843
22320
224309
10785
37064
76759
68138
37698
21912
39248
98867
81610
149957
16873
77724
27312
62734
45462
24696
29692
29043
14792
19465
93599
20322
108130
15190
76234
11028
24424
9784
21881
13904
22535
103827
3795
41160
16624
24444
11200
40053
11843
53862
16600
33543
34366
42447
17561
14272
22313
80560
121369
75108
31334
14258
28612
44131
13953
61249
27012
8507
59960
6507
23244
42207
16448
165684
89136
26998
8444
19366
14416
157677
8566
25271
237059
499597
134918
19923
3033
8184
2813
94831
182678
18596
81570
20382
20279
21510
499240
7859
15940
37957
33513
94278
25708
11216
10907
81002
22611
15387
17806
24919
24820
31576
1095
40472
12698
4770
3794
87112
7732
23075
14700
7790
28352
5700
39573
3164
13837
2117
45190
899
5606
8706
22406
13675
40880
38115
39029
10136
134616
51755
26463
17079
37480
4668
12921
10608
58340
41079
20706
51489
14591
7817
37997
21294
28220
12299
56553
327275
28159
64526
5550
27872
6813
9539
133661
3873
10960
12223
9192
22033
30205
29854
62957
34312
54639
29485
10518
4471
22092
14976
19956
22733
80145
4975
21079
7329
3640
25809
22010
6587
11072
46959
31586
3472
12280
21855
13070
6918
388243
43642
269719
261043
36333
11911
7087
27804
1978
29880
28036
26972
32088
55056
24552
71629
5962
63992
49800
46491
12169
16094
58188
8769
62263
16197
29425
76966
5617
84184
335335
86548
11661
46607
2112
8390
4172
5424
20542
4525
62475
38835
33729
14463
17955
20370
107409
42018
26119
41685
20436
178291
34454
76900
16116
295079
24068
32611
20295
68378
7362
7902
16424
53515
42809
7829
8452
73247
16245
292003
12451
27874
16540
12089
427724
84731
75802
66949
12803
2658
14399
8255
5422
4623
64704
47750
38632
49079
6200
43094
48877
9988
11270
30814
42215
23699
9883
37112
11495
15328
115474
18250
35684
54043
24126
48259
13848
18767
39971
40970
32261
51621
73657
18855
9304
34186
75842
15896
554429
106027
11484
53291
3670
28603
25982
8669
43557
59702
21997
340966
38347
133139
23271
53290
83098
42743
54358
20087
173571
50367
563413
24871
66493
25986
74280
39464
544569
544569
45120
68501
46658
83630
281697
18989
50854
123940
76002
80135
100134
63004
30567
16277
6287
13100
131585
9388
148566
338881
584950
3034
24760
9174
9301
7071
52818
117941
4249
2251
45213
14953
3880
7854
20871
175599
60520
61946
126921
30696
26914
69649
28336
19836
92192
46395
71400
167559
91258
33446
61074
45905
22143
103598
28557
10555
10589
31575
20714
44774
61757
46231
42769
31288
69730
53030
101963
5853
25624
52201
11271
98762
27083
228137
63148
9016
22642
30315
4929
6812
13329
1841
1968
27396
36655
4694
5780
5078
8824
11045
11943
30300
161353
129163
1505
33810
3935
3210
83408
23716
2590
22975
22084
53891
23108
12069
21178
19054
9551
91494
100681
111444
41303
46273
14721
4484
4291
6715
81862
30469
43206
113543
22994
3189
26703
17451
4759
2974
99842
136777
8210
4854
435635
56575
12371
7474
11645
135
182
126
131
137
75
136
124
133
129
203
196
5472
74
69
71
68
88
78
90
69
86
238
76
68
86
72
67
79
71
70
71
71
74
109
79
83
79
65
109
93
110
67
39745
39021
29328
3318
11667
33242
19765
20356
8768
16172
9239
9564
18185
11404
4974
356
15859
6702
22305
30413
268389
82529
810066
201995
13040
32782
24079
40274
64327
10688
107188
92466
9218
21527
5639
26020
37175
41581
9172
2880
154625
112636
83001
410354
32659
108616
55562
16349
10377
57304
19312
86041
84926
48573
85483
45177
13097
180776
1823
34970
33739
27392
37150
5691
8661
6032
65428
81503
4070
22453
31162
221392
191277
31379
513152
364528
634619
31457
78255
77747
113726
4225
1658
2303
1630
10270
2014
44677
1936
4188
5497
1800
2409
27980
950960
548192
6761
4989
5509
30470
66002
22167
50029
29961
48267
59979
2802
5719
10238
2531
11082
15305
922
3232
10765
9756
59891
246492
17977
52417
95838
6155
2212
134318
21990
31296
26893
52605
45375
126641
380385
178943
27626
5765
8738
6840
25196
30894
1952
4432
12488
5886
6181
11352
12380
9352
3625
191293
13000
83435
41366
45461
37963
23683
35138
73316
173691
4991
13255
1738
19462
26441
14452
25000
44627
273993
103973
3956
182175
57390
4660
1884
72577
15421
2502
64776
27574
33427
5529
7504
146595
19381
5833
7727
41907
241007
1979
21809
141418
83171
67733
3814
11629
12675
22450
2769
130609
38692
13199
7282
39060
54685
13406
482662
30797
431822
299254
6095
125831
30484
42153
6277
42195
12690
84486
3729
100325
10935
31301
1967
6998
9483
5866
9142
16561
17221
4163
20449
60160
1883
5588
73267
75867
64829
126792
165823
41313
86477
41059
39046
80593
130132
11500
29387
5835
15607
119528
11154
3227
189002
47635
58194
66647
34070
35897
14339
22013
57646
32514
23647
9261
22069
266664
221111
230497
14593
31327
44066
3532
6403
3661
6428
37584
26823
8140
36325
191316
4659
6122
181237
17440
6016
32335
33280
69416
156237
13470
6062
12945
26794
3024
9168
27766
4721
5325
7157
8812
62291
21259
2569
9584
10033
282438
136599
10893
15756
17794
62139
249519
7584
16277
1382
34407
53353
28080
8582
20127
15827
1277
4272
10135
7194
1863
29779
18550
8250
32657
81570
40706
87680
67966
15870
200462
57945
44155
126473
87298
10385
17711
515370
12711
168520
21528
247504
122596
130761
6492
91150
61187
30479
184651
123208
15843
7403
385638
130820
30141
46309
48667
24486
45037
28749
8847
6865
28705
393111
193617
33960
12917
10292
17628
30213
71478
92734
169200
16472
51839
24329
69998
18853
45909
7861
10643
12120
10570
27429
44565
45188
53230
4066
5142
52777
162350
125534
58447
6216
49544
94183
16046
15180
3253
30363
94762
12408
270888
95591
110399
258397
81005
182287
31116
27502
33956
56708
265475
82063
36637
18738
5718
47319
8246
17896
33918
22976
7868
3700
49264
108891
68771
237027
43142
6470
42521
19124
23167
29143
18902
14827
77094
18387
20095
42236
81725
86326
29764
8030
76204
2281
30188
28790
28707
58264
91053
27961
25734
24932
46690
8862
16150
46262
40204
240003
61978
11048
43037
153200
149572
322347
237268
48000
28891
32317
52826
29561
270137
10912
64323
22060
97809
31963
26573
78478
162673
82330
3539
12775
30485
34417
16951
597034
61139
24019
15075
24966
81967
18616
31326
97716
45190
17173
25690
20402
3887
38357
33079
338419
6449
30174
36859
10731
20504
21478
10799
118518
7426
16199
122585
38499
93964
19026
45771
15380
174006
195544
5531
177115
144902
5988
59540
60801
61185
19090
2533
57484
101825
11002
18346
32111
26173
159783
62458
55407
14456
6971
33277
7934
56791
28306
55188
157922
432418
1869
56292
32649
166353
21467
310976
80235
4215
30308
23423
4556
10671
11207
76591
114978
37692
29932
154484
9595
326012
15301
20176
14732
542018
57891
25773
29238
40278
148489
10803
250647
65840
8577
13999
7954
7716
56949
57434
3355
179273
40271
105862
56243
6533
24504
46629
66334
14826
1028
1043
1046
20687
49266
6618
8546
83438
211770
14004
9402
168889
14539
97255
1699
14638
47603
11538
11344
75561
1268
6128
16008
10635
31980
18862
77173
6519
10013
57003
65363
115538
15486
19587
8374
12506
9191
14801
1142
19780
4627
6926
233782
220464
9067
8196
6963
13275
6557
10385
7766
85231
197611
315754
46600
185004
75990
84362
18902
147217
10638
14050
9244
46282
51008
5224
10256
19921
17087
52275
11721
3153
914
974
926
989
965
950
995
959
959
63356
54227
222908
10919
40054
15741
57111
4981
17039
200863
28168
11656
87763
82252
16597
99519
56163
84272
10268
115891
47228
16584
12148
284852
55991
58148
26155
23861
68599
88350
80114
230552
177144
503290
17537
110014
87793
100924
37192
54112
5848
1174
37135
156755
45887
57822
172341
33062
13788
127334
11214
5243
46398
20812
9828
8272
8775
9105
12772
110987
28004
53314
9011
53668
16509
51030
12263
29662
46871
3909
4798
172089
7765
88207
22109
31274
11983
37291
7785
32507
1964
2924
38227
60719
187976
306634
5782
4578
97750
2849
7943
52505
34180
21743
340643
30090
164548
192876
19809
14538
4171
11708
15146
33298
8187
9786
93736
34843
49574
32370
19714
5284
13542
17932
67855
11366
39984
72332
134875
47258
15318
73866
114999
21540
27513
210741
16181
19393
74472
108728
27915
102338
26553
73031
71745
15048
5087
24500
4827
126727
28405
3537
33953
5176
36726
14880
21724
1223743
2726412
478763
51874
33761
62012
3688
10711
47648
9616
8325
54866
18340
29234
28348
7158
22055
38544
33963
910
5729
86259
18289
12486
64932
83889
92928
46143
4366
4165
124004
59478
2286
2587
109576
37938
17647
36807
15653
27426
13643
9501
12124
3121
3332
1418
17104
4435
21535
5408
3892
18884
36451
48516
12095
23075
28262
7964
21655
16475
42543
17759
42154
60030
38774
136178
55823
72595
4792
26315
12233
43724
4422
29330
16918
21844
184917
20946
82625
16315
8536
101318
22328
29637
57544
88691
173944
3288
50381
36881
15178
13482
29294
35414
37034
33245
24349
7811
33525
38264
303177
5712
2686
15781
5669
39725
12136
3399
4358
15148
29395
11782
43155
41455
21158
5219
3176
231698
15288
8747
9067
19054
35290
9231
33801
6874
14580
12359
29181
42182
197736
4989
30096
638120
438769
897931
4257
51892
25743
5146
8945
27749
22384
128553
201319
17009
19577
33067
4957
18890
3267
2812
1544
2519
34297
23916
3484
1158
11995
4545
8305
26691
16770
26036
3771
1387
12830
25641
4692
59106
49920
8068
85045
10006
6332
26645
62825
24898
15707
24283
244594
128550
13468
15399
22033
16180
24936
2523
7241
16913
51621
7274
15122
82947
15253
45293
136116
6756
11432
188610
91748
200397
112612
29957
417893
2016
12193
4820
22009
9211
14506
13802
22937
13521
4116
6261
2154
30173
9551
12523
12836
12944
13900
139298
6358
42062
7209
4339
32024
7765
52560
49773
48040
15991
9278
17234
24074
16317
32603
169538
67958
45178
11956
85017
27731
51166
12188
170360
37687
277959
23420
4599
36906
77911
13304
18310
6595
3785
34915
20320
19360
7830
4578
20607
6087
28289
4530
85753
297396
8473
3715
2405
56047
8956
17625
5632
2892
294016
10591
14815
15505
4644
47858
462099
7271
47877
40540
3738
1718
30126
7925
14290
9018
5024
25785
146479
133422
11681
261291
321403
644662
56038
12147
214827
12287
1958
16053
31121
9684
1843
11785
19426
18833
15324
16783
8501
37297
29068
998
2708
9600
78102
173351
159269
25224
28152
24008
5440
12803
38792
9771
16296
3777
7456
3923
58919
378347
11015
5368
7449
53585
51878
16736
9167
42851
15979
24726
3340
27921
2872
4987
20897
60859
64904
4334
4614
82624
6439
22416
5785
953
25401
5736
8596
27080
1053
37320
7746
3260
5300
26484
15342
38280
8999
4915
18644
7993
44157
21192
255358
50109
8392
5687
50508
37334
150226
26913
17851
132905
24152
9268
3692
5148
2096
3962
64313
4760
239
8447
49048
72650
113570
24142
12653
32312
23629
5052
16919
25003
10847
5548
19722
15251
35721
29333
22276
32160
6612
14341
3206
15200
35613
85744
85744
45175
26495
15161
32824
50026
3868
5195
16033
6491
21185
3814
5034
9258
34488
32215
20288
64056
46412
105332
52876
30293
5754
17627
38883
25293
4779
2483
9508
4418
45825
35163
1695
2824
894
26968
17334
35821
1990
151508
10934
22515
14769
14563
76155
49114
55444
40053
61998
4831
58732
24955
55669
62060
44361
105391
12307
39409
20254
32356
18087
35693
35884
20857
213038
413078
45493
56391
2810
4231
10606
7648
30395
43380
84773
14691
13025
16076
19461
115601
17382
85622
58287
28018
19155
21127
2462
9441
5750
3384
88589
12771
33564
74929
4266
20447
2690
45236
26338
9343
2977
4112
16350
11917
23459
26048
2328
396363
40567
46894
8823
39283
141166
22201
53221
15497
89001
3463
2758
12428
2747
3680
294318
10359
18184
17104
726
88865
20195
77432
76056
95992
69630
209431
109366
207411
41524
232349
19380
5061
11540
11731
63948
57447
32854
34883
43673
121997
11796
10274
30228
17024
12129
3459
3029
6852
39986
14703
83220
23522
31139
60744
38342
28366
54632
43809
12305
7015
29181
19404
6029
4085
28870
6019
296805
127455
108806
13980
11476
99842
56723
15155
4621
7400
8076
3560
210539
59751
3992
1154
2370
56780
29696
81002
118939
25153
5910
67332
20935
103730
4155
387560
27323
9128
27787
22789
18536
7296
81525
19879
4961
3679
63184
11178
15140
8505
2415
1556
3906
61168
40454
13471
94074
42013
18829
18365
10973
202633
6500
19753
24587
98997
35337
43217
24868
6103
46395
19993
18633
13919
19786
154936
63984
44425
74457
78738
34160
1794
60337
46153
65455
32865
4334
21292
4936
15065
111487
8160
5010
6964
11126
76230
476759
20387
42055
34896
454944
13358
15384
6911
10927
6757
10627
21438
222903
2183
1615
2526
421605
44637
2493
8152
23395
5454
4844
8690
12784
38570
24826
9344
65610
152293
22527
33334
150555
18439
21332
12358
6671
24771
28692
21214
13329
22629
81571
11502
16485
51841
132183
36584
8944
11481
6148
136469
9460
12645
4471
16883
23522
19171
53725
11480
12447
13168
13815
7034
66835
36035
13433
20569
15977
51620
7894
14881
8321
99239
8165
298065
56226
14128
69048
134712
44944
86526
4604
72869
3427
43434
8559
10200
14319
23657
5455
147190
2005
13211
33062
4647
18118
43831
11648
6024
49126
16599
16516
7178
22753
7821
53571
50947
32768
77455
168684
70983
123852
115709
46167
887825
30532
21931
150482
88932
84672
220304
4999
25085
21329
29750
38957
15669
89668
37252
26185
11618
47049
35945
34815
101448
48862
15399
35352
7082
7584
19281
31706
106402
14220
21044
4883
132957
76115
444705
79016
27505
15895
13489
14219
18039
5024
3852
67116
75474
26789
58166
44400
7632
138190
41919
23811
8836
14281
23503
45220
171447
97348
34282
181622
171695
10262
3558
25432
2771
5611
4376
1232
11455
2390
19493
1649
2336
3038
8756
9154
32850
22462
9456
42385
105883
25147
47167
54767
10563
15982
110317
28062
35523
74536
16804
81410
61613
8507
57243
143359
438148
217952
100023
2438
2814
8193
43874
17799
23354
53213
126878
82747
25889
16547
17620
231386
102831
211940
54217
34969
11005
24602
31358
43793
9530
38336
29741
29253
23555
225685
19464
20917
8289
23936
29505
217743
35259
119212
43281
46421
20936
18210
7219
18521
44437
28414
74881
115154
7631
8889
4304
16843
11622
8096
53211
2904
9059
7446
2497
4162
11043
23133
17877
6690
6392
25477
60689
27812
35649
21325
3607
45794
4421
11902
38132
41670
126825
3218
148586
10992
103462
53886
35960
11372
11879
13045
2975
44648
6472
34343
55504
15237
45116
12696
13598
57511
26089
74028
4548
28145
172867
3895
39897
15786
8369
77818
48157
39943
25160
5104
16084
95171
19507
3854
18534
5718
87857
22093
18082
159
150
190
10927
3361
17568
52734
146
115
105
61
135
88312
34523
7227
21970
27438
21402
15848
20191
63818
8807
22581
147648
4801
40409
12864
88803
55295
37085
143860
4773
5982
11195
6703
32980
29351
53641
277058
56587
34607
82616
21705
95482
18874
14386
60614
41140
14624
3450
29739
46894
9069
58065
40360
58788
4164
11460
68379
31843
19119
86770
46334
101321
167468
42012
103680
15336
11599
45402
19478
15298
35434
64145
40630
45646
38088
3391
3034
15282
2456
110812
79810
156255
107916
108142
19854
51218
14752
71400
9013
23684
32384
5240
21598
10559
42040
35773
5874
54506
23242
9633
830
887
8069
6402
12985
32054
6746
23468
33028
1053
19043
32415
23500
109378
40500
95281
68177
15105
19722
62941
65005
26256
76377
6744
296058
61422
15858
5436
45643
213699
425324
14911
19653
27927
7919
55688
66811
354266
13987
540969
247283
175931
48939
25645
4516
8930
30264
46036
82410
26332
20246
110539
11904
17928
10683
37381
1992
5074
6199
6013
19502
44369
92424
1596
2846
5353
11774
31559
4558
8258
9611
60824
25485
25255
62633
31665
13591
21926
12986
2653
10914
53762
48364
5961
666477
10551
65533
11368
42286
16170
53906
109131
38119
91849
29125
27552
11017
26724
33501
6086
26875
129841
107467
44776
60362
223669
74184
54268
62466
173252
35494
190358
23819
31528
65053
31391
32404
44328
70984
38204
62570
46020
70785
69223
83113
67540
57954
15068
23774
2958
61423
98471
125558
96560
47502
107886
27007
292452
70395
75684
1126
15183
25365
17832
27747
80995
21271
1727
28093
30669
501719
5391
15044
1160
256741
37847
102675
12501
101340
6686
3886
10642
13806
35573
10504
48390
23851
29940
37858
14522
10862
16603
30672
10752
15050
7679
169298
143
51037
169364
342490
3916
24066
19844
98919
89791
19403
27911
6465
27396
13497
16466
49696
15341
5719
115586
240693
16234
63107
3021
5856
46071
111437
6909
27717
18241
8540
8096
24833
69086
62563
119710
4164
144249
31543
1345
99555
10301
12262
914
10313
157036
18130
126848
60674
31710
35880
26423
24659
66971
86898
14441
226556
173500
225379
23899
12539
43017
29806
21724
49058
3848
10701
26743
23021
35869
104511
26617
37909
28967
25558
5477
37665
164667
60374
13926
25120
101154
9990
70822
118856
77845
11573
231894
13634
66581
120926
27416
2264
32218
34026
27792
9191
5043
25284
8187
22282
120837
25652
28421
29047
79933
20224
7599
22788
48300
68064
305423
15119
3091
5182
40393
61729
169181
55196
16870
10534
324286
134110
30630
78093
131387
25471
59178
68569
31179
84127
47201
62400
98689
10110
57927
69618
52304
51906
48486
2456
13460
56331
8290
16341
27804
14838
57926
166317
203854
228772
33805
331075
33810
45275
26952
131227
8466
63810
95325
5136
131508
47010
136790
22616
19064
59669
34429
66419
3863
16374
49341
39347
105218
5909
30077
8688
82501
33216
213053
19646
8462
67269
2452
6420
39104
122720
283052
239832
179911
8299
4739
30199
34025
10052
13324
19869
5553
40372
31723
16622
37369
46382
141242
8697
30476
48942
22909
21794
18685
1353
349
6684
853
6676
5881
14090
3808
8022
15429
3485
5010
25198
28373
83922
70307
58200
35960
78918
36900
28457
28455
116395
125571
108218
4047
12469
5804
16097
10412
40404
16484
43851
44130
18841
21202
123838
13641
45873
44767
26993
21704
16824
15480
131946
20248
20992
28803
40548
46642
25100
33749
153664
163440
87552
125885
118860
12020
12649
5050
3612
7636
62155
36793
9930
342999
387099
202586
23778
7131
28752
44053
27344
50112
48630
42228
91146
37989
89424
85997
40563
139566
27494
18584
8485
246608
88802
20705
104544
72197
64518
132270
32819
282858
13384
111
6527
55776
71288
28074
13756
9476
16717
5652
23403
5030
86074
7330
99581
4530
10182
35254
4184
5357
11728
33800
27989
5940
9890
11198
75893
38781
2385
57600
3348
15406
4841
30588
65187
15509
26713
34018
22454
86937
28292
9408
30324
23651
25151
21950
3936
9891
111279
12814
40730
42291
10519
22609
33501
34761
182445
21040
9442
19137
437330
14618
3227
16666
20424
17895
2305
22836
56580
204632
12293
16421
34738
4329
19374
51811
4108
69199
9529
8350
21696
22119
20366
12760
16783
323681
28155
15291
12803
5385
37528
27763
8923
6494
8787
55995
34495
64422
37647
19729
44951
84757
36441
49085
39462
48234
16989
50243
7421
21946
20776
3433
43834
41837
3323
46805
52148
41283
180010
22015
9900
46391
30078
92501
34385
25083
30564
38547
261361
127632
11368
63776
28547
11106
69592
55834
57192
15368
7073
58418
13996
28031
20995
17146
12591
35900
166266
126856
27732
8738
11038
2899
197416
72075
9229
70937
167320
56677
31972
251517
183461
33041
11478
48385
13250
15750
12826
15155
13686
8425
28098
18146
17116
22629
35786
104065
22468
7604
30661
6399
22223
20292
101515
37019
11383
21593
20417
11646
12398
6913
20775
14193
95506
8509
23355
30026
23054
13449
6808
30169
14615
16703
13272
30337
87830
67602
26446
12789
42470
80372
3465
9903
18197
37594
38096
16296
6403
38426
19065
11303
11496
19587
37156
29832
16274
1844
11837
12702
4094
2480
36818
24998
63467
19126
5030
4032
3329
22183
29414
26627
285314
20166
380795
16855
23299
8168
11870
58888
26562
22550
402925
13403
26165
12955
13608
7657
297135
32254
9429
121251
17215
18958
10926
18288
55209
15056
9372
139999
6471
8289
19892
59533
13044
10628
18605
18723
3788
30272
13716
4405
30913
10570
3261
83173
25474
19369
27832
281163
22929
11208
110877
460132
36331
13914
14709
8523
15168
2107
3251
2168
18622
20896
34660
2528
7548
11947
47374
30755
26083
105585
103422
21235
13488
19652
41690
158289
9054
19081
77417
11112
62598
10068
74762
8782
1604
49274
18301
62129
16930
7203
20234
18245
9376
14916
10985
3172
12360
4819
10496
4170
179786
53242
53242
10059
12334
34081
23889
18271
3356
2604
8257
10922
6723
5305
26449
30657
30337
22855
13045
12375
14586
12649
22794
229437
531929
13081
18098
18203
166170
3450
71089
21474
17336
4478
9515
14031
10363
13665
9995
18092
11254
36418
62598
70987
27138
15022
11461
5945
13655
11843
14112
3983
55909
437325
62711
18785
49101
43224
8070
20499
62960
23351
85615
159022
2357
4552
4549
16399
61745
29021
147915
109261
4155
4825
15353
6712
21614
17211
18893
15605
6813
21310
17382
18008
31277
15952
391786
30836
205272
16519
32881
17084
73519
16197
117756
17999
47552
4358
88825
32986
6614
9381
99420
60477
60477
5352
11923
10918
8531
2831
56262
6732
1498
41686
31256
13153
1783
84442
78509
1278
11777
6966
44794
199547
8492
39494
9573
55335
13776
154781
9973
6169
13008
15081
25647
14968
11302
11817
19991
9468
20253
3164
3945
20384
15275
25125
120750
165975
12146
15707
21195
30079
25260
38244
15800
34160
36513
50589
9102
138419
66285
